CACHE type 5 produced by analog 6.0/Unix. Do not modify or delete!
T	0	0	23502	274	2567	98	328863788
D	26142494	26359744
18154	146	6	0	384
18154	154	19	0	229044
18154	155	9	0	305033
18154	156	32	6	947092
18154	157	1	0	7927
18154	158	100	5	144760
18154	159	120	0	8840
18154	160	114	0	8398
18154	161	61	0	4599
18154	162	129	0	9503
18154	163	120	0	8840
18154	164	120	0	8840
18154	165	120	0	8840
18154	166	120	0	8840
18154	167	120	0	8840
18154	168	122	2	42963
18154	169	22	1	18836
18154	171	1	0	4388
18154	175	1	1	16598
18154	234	63	0	4900
18154	235	120	0	8840
18154	236	120	0	8840
18154	237	120	0	8840
18154	238	121	1	25481
18154	239	120	0	8840
18154	240	120	0	8840
18154	241	120	0	8840
18154	242	108	0	7956
18154	243	114	0	8398
18154	244	120	0	8840
18154	245	120	0	8840
18154	246	120	0	8840
18154	247	66	0	4862
18154	259	4	1	18820
18154	261	1	0	4509
18154	262	1	0	4509
18154	266	1	1	5307
18154	271	1	1	5306
18154	284	1	0	4512
18155	122	4	4	70460
18155	137	1	1	5308
18156	37	1	1	17615
18156	60	1	1	5315
18156	71	1	1	17615
18156	120	3	1	14744
18156	121	1	1	5444
18156	124	1	1	5447
18156	131	3	0	13870
18156	135	1	0	4634
18156	136	8	0	41444
18156	138	1	0	4635
18156	143	1	0	9077
18156	145	1	0	9077
18156	150	1	0	9084
18156	151	2	1	10233
18156	153	1	0	9080
18156	155	1	1	5590
18156	156	1	0	4632
18156	157	1	0	9079
18157	81	2	0	11275
18157	86	2	1	10765
18157	90	1	1	6197
18157	92	1	1	6197
18157	96	1	1	6197
18157	97	3	1	16869
18157	99	2	1	11336
18157	101	1	1	5680
18157	104	2	0	11189
18157	129	6	3	95306
18157	133	2	1	11339
18158	97	1	0	4578
18158	103	1	0	4579
18159	15	2	1	11345
18159	19	1	1	6773
18166	246	1	0	4581
18166	259	1	0	4579
18168	131	1	0	4572
18170	113	1	0	4572
18170	122	1	0	4580
18173	24	1	0	4581
18173	43	1	0	4573
18173	89	1	0	4580
18252	64	18	0	225570
18252	70	11	1	59448
18252	71	10	0	57292
18252	189	1	0	5901
18253	85	2	1	11802
18253	86	2	1	11802
18253	139	1	0	2177
18253	159	1	0	5901
18254	22	1	0	2175
18254	196	1	0	2176
18254	209	1	0	2177
18256	259	1	0	2176
18257	167	1	0	2176
18257	188	1	0	2177
18259	282	1	0	2176
18260	19	1	0	2178
18260	191	1	0	2176
18260	204	1	0	2176
18262	123	1	0	2177
18263	30	1	0	2177
18263	70	2	0	4354
18263	149	1	0	2177
18263	164	1	0	2175
18263	240	1	0	2176
18264	169	1	0	2174
18269	2	1	0	5901
18269	84	1	0	2177
18269	99	1	0	5901
18269	100	1	0	5901
18270	229	19	0	227840
18270	230	9	0	304900
18270	235	22	4	147751
18270	236	95	8	1043412
18270	237	130	4	75695
18270	238	125	2	59260
18270	239	120	0	8920
18270	240	125	1	16903
18270	241	126	4	77386
18270	242	243	2	42844
18270	243	240	0	17840
18270	244	240	0	17840
18270	245	235	0	21430
18270	246	245	1	39431
18270	247	240	0	17840
18270	248	241	1	22742
18270	249	242	0	30396
18270	250	240	0	17840
18270	251	127	3	44079
18270	252	142	2	217718
18270	253	120	0	8920
18270	254	137	0	174316
18270	255	120	0	8920
18270	256	105	0	7805
18270	258	2	0	8355
18270	259	2	0	8348
18270	286	1	0	4172
18271	44	12	4	227970
18271	46	6	2	113985
18271	77	33	0	2710
18271	78	114	0	8474
18271	79	120	0	8920
18271	80	118	0	8878
18271	81	153	10	149887
18271	82	271	16	466683
18271	83	245	2	53295
18271	84	240	0	17840
18271	85	240	0	17840
18271	86	259	9	208101
18271	87	248	3	88147
18271	88	254	4	89747
18271	89	244	7	86330
18271	90	240	0	17840
18271	91	240	0	17840
18271	92	243	1	30359
18271	93	244	2	34546
18271	94	238	0	21797
18271	95	240	0	17840
18271	96	240	0	17840
18271	97	240	0	17840
18271	98	240	0	17840
18271	99	240	0	17840
18271	100	242	0	26189
18271	101	216	0	16056
18271	102	240	0	17840
18271	103	240	0	17840
18271	104	210	0	15610
18271	105	240	0	17840
18271	106	240	0	17840
18271	107	240	0	17840
18271	108	240	0	17840
18271	109	240	0	17840
18271	110	240	0	17840
18271	111	234	0	17394
18271	112	19	0	1519
18271	113	102	0	7582
18271	114	55	0	4195
18271	115	211	0	15652
18271	117	48	0	3568
18271	121	294	0	21993
18271	127	249	0	18648
18271	133	483	0	35764
18271	138	277	0	20634
18271	141	1	0	4186
18271	144	429	0	31695
18271	178	1	1	4899
18271	212	167	0	12703
18271	213	240	0	17840
18271	214	240	0	17840
18271	215	240	0	17840
18271	216	78	0	5798
18271	230	11	4	176272
18271	231	16	0	882573
18271	235	6	0	954826
18271	253	2	0	12585
18271	264	1	0	4176
18272	53	2	0	25948
18272	73	6	0	954826
18272	90	1	0	4167
18272	95	6	0	954826
18272	96	6	0	954826
18272	97	21	1	960840
18272	98	7	0	965298
18272	102	10	0	1167297
18272	107	12	0	1519530
18272	110	11	0	1285930
18272	112	12	0	1551650
18272	121	12	0	1519530
18272	123	10	0	1167297
18272	127	12	0	1680130
18272	202	1	0	4174
18272	279	1	0	4181
18274	109	9	0	1118370
18274	138	7	0	960914
18275	46	1	0	4180
18275	79	1	0	4185
18275	85	1	0	4183
18275	101	1	0	4174
18276	129	12	0	1810620
18277	65	6	0	384
18277	67	57	2	169093
18277	100	12	0	1519530
18277	132	1	0	4182
18278	80	1	1	16960
18278	87	9	0	1118370
18278	93	12	0	1615890
18278	94	12	0	1808610
18278	98	12	0	1487410
18278	110	11	0	1285930
18278	128	12	0	1615890
18280	93	6	1	94359
18280	121	7	0	960914
18280	141	11	0	1285930
18281	121	9	0	1118370
18281	123	8	0	1049255
18281	139	9	0	1118370
18281	140	13	0	1848705
18281	192	11	0	1285930
18281	193	13	0	1750335
18281	194	9	0	1118370
18281	226	12	0	1615890
18282	251	2	1	29704
18282	284	2	1	29704
18283	262	1	0	4184
18283	286	4	1	17401
18284	86	45	9	1251228
18284	90	4	0	4355
18284	95	4	1	17425
18284	96	4	1	17433
18284	99	1	1	4906
18284	105	16	0	181263
18284	107	2	0	4232
18284	109	15	0	1866958
18284	110	4	0	139569
18284	111	2	0	11015
18284	112	6	0	25044
18284	117	22	0	2879547
18284	121	14	0	1594784
18284	123	31	0	1910515
18284	124	2	0	11043
18284	128	2	0	8369
18284	148	18	0	1877634
18284	154	12	0	1648010
18284	155	8	0	1049255
18284	176	2	0	151398
18284	177	12	0	1704174
18284	240	35	1	3860292
18284	241	9	0	1118370
18284	253	2	0	8354
18284	258	1	0	4183
18285	75	2	0	11035
18285	77	15	0	1879089
18285	78	5	2	37163
18285	79	5	0	45711
18285	80	23	0	85714
18285	81	39	0	1925650
18285	82	23	0	2840955
18285	83	22	0	2738639
18285	84	17	1	1883853
18285	85	15	0	1859893
18285	86	46	0	4802449
18285	87	10	0	36916
18285	88	4	0	22409
18285	89	51	0	5601155
18285	90	18	0	1875250
18285	92	2	0	12491
18285	93	1	0	8318
18285	110	21	2	129797
18285	147	2	0	8364
18285	229	16	0	1888987
18286	17	1	0	4176
18286	27	2	1	17878
18286	68	1	0	4188
18286	75	16	0	1883874
18286	92	11	0	1285930
18286	94	30	0	3720954
18286	95	20	0	1879402
18286	96	15	0	1860583
18286	97	9	0	1118370
18286	98	12	1	889833
18286	101	13	0	1718215
18286	105	57	0	7133437
18286	106	1	0	4175
18286	107	15	0	1860594
18286	108	15	0	1860608
18286	109	13	0	1653975
18286	115	15	0	1860604
18286	120	2	0	5910
18286	122	15	0	1861522
18286	125	15	0	1861549
18286	126	13	0	1686095
18286	129	12	0	1680130
18286	132	13	0	1848705
18286	139	13	0	1686095
18286	142	14	0	1857358
18286	143	25	0	2984069
18286	144	10	0	1167297
18286	146	13	0	1848705
18286	232	16	0	1891800
18287	31	6	3	118746
18287	32	6	3	118746
18287	109	16	0	1891758
18287	110	30	0	3723025
18287	114	15	0	1861567
18287	115	15	0	1861567
18287	121	15	0	1861665
18287	125	16	0	1870438
18287	127	15	0	1861659
18287	138	1	0	4171
18287	140	16	0	1895055
18287	239	9	0	1092228
18287	254	16	1	75619
18288	175	13	0	1848705
18288	233	13	0	1848705
18288	239	12	0	1280638
18289	114	19	3	93356
18289	120	13	1	1721134
18289	154	13	0	1848705
18289	159	13	0	1848705
18289	224	17	1	1912168
18289	239	2	0	13002
18289	242	2	0	13001
18290	88	1	0	4176
18290	89	27	3	293775
18290	90	132	7	1578484
18290	91	146	0	354157
18290	92	120	0	8920
18290	93	120	1	25714
18290	94	145	1	111267
18290	95	141	4	85282
18290	96	143	1	198434
18290	97	143	0	353841
18290	98	100	3	408944
18290	99	40	0	1680
18290	100	67	1	111796
18290	101	70	3	122768
18290	103	105	4	1133658
18290	104	43	0	16444
18290	105	42	0	12163
18290	106	40	0	1680
18290	107	40	0	1680
18290	108	41	1	6916
18290	109	55	0	2989
18290	110	40	0	1680
18290	111	40	0	1680
18290	112	76	2	217361
18290	113	18	0	756
18290	114	31	0	20388
18290	115	40	0	1680
18290	116	38	0	1596
18290	117	40	0	1680
18290	118	40	0	1680
18290	119	40	0	1680
18290	120	40	0	1680
18290	121	40	0	1680
18290	122	40	0	1680
18290	123	40	0	1680
18290	124	40	0	1680
18290	125	37	0	1554
18290	126	31	0	1302
18290	127	40	0	1680
18290	128	40	0	1680
18290	129	40	0	1680
18290	130	40	0	1680
18290	131	31	0	1302
18290	141	8	0	336
18290	142	36	0	1630
18290	143	40	0	1680
18290	144	36	0	1512
18290	145	36	0	1512
18290	146	40	0	1680
18290	147	32	0	1344
18290	154	13	0	1848705
18290	241	38	12	442205
18290	252	1	0	4191
18291	2	1	0	6298
18291	91	28	3	300807
18291	100	18	1	88551
18291	101	18	1	88551
18291	103	41	2	4365023
18291	104	25	2	131510
18291	105	9	2	192899
18291	107	2	0	13008
18291	108	1	1	5246
18291	109	3	3	15729
18291	110	2	1	9423
18291	111	28	0	3702545
18291	112	8	0	513245
18291	115	4	1	26005
18291	117	22	0	2967075
18291	119	1	0	8821
18291	120	19	1	1773939
18291	121	13	0	1848705
18291	124	2	0	8354
18291	126	13	0	1848705
18291	263	41	0	5738201
18292	24	1	1	8702
18292	85	1	0	4160
18292	92	13	0	1848705
18292	95	1	0	8399
18292	96	1	0	4163
18292	97	10	1	49064
18292	99	1	1	5230
18292	100	13	0	706220
18292	101	26	0	2782157
18292	106	1	0	4170
18292	108	1	0	4152
18292	109	13	0	1971596
18292	110	3	1	45057
18292	111	3	0	1341242
18292	116	19	1	3330064
18292	118	16	0	3312844
18292	121	2	0	10472
18292	122	1	0	4151
18292	125	1	0	6256
18292	134	1	0	4152
18292	185	1	1	8946
18293	45	1	0	8369
18293	51	13	0	73501
18293	132	18	0	3321155
18293	133	48	0	9938535
18293	134	16	0	3312845
18293	138	34	1	6638827
18293	139	16	0	3312845
18293	140	16	0	3312845
18293	159	2	0	8286
18293	166	1	0	4140
18293	232	1	0	6296
18293	243	1	0	12733
18293	257	1	0	12733
18293	263	2	0	25465
18293	271	1	0	4152
18294	51	1	0	12733
18294	55	1	0	12733
18294	56	1	0	12732
18294	61	1	0	12733
18294	64	1	0	12732
18294	92	1	0	12733
18294	97	1	0	12733
18294	102	1	0	12733
18294	105	1	0	12732
18294	109	1	0	12733
18294	121	1	0	12733
18294	138	1	0	12733
18294	139	2	0	25465
18294	157	1	0	12742
18294	184	2	1	12923
18294	191	2	0	25490
18294	219	1	0	4146
18294	232	17	0	3316999
18294	233	17	0	3317005
18294	236	1	0	21487
18294	242	16	0	3330174
18294	243	16	0	3330174
18294	245	1	0	12745
18294	250	48	0	9990522
18294	251	48	0	9990522
18294	271	2	0	7421
18295	38	1	0	3704
18295	39	1	0	3719
18295	185	1	0	4158
18295	212	1	0	4152
18295	219	1	0	4148
18295	228	14	0	3285107
18295	229	17	0	3351661
18295	237	16	0	3330174
18296	100	16	0	3330174
18296	117	16	0	3330174
18296	147	13	0	73539
18296	161	13	0	73539
18296	174	13	0	73518
18296	176	1	0	4156
18296	181	13	0	73553
18296	228	4	2	61420
18296	240	1	0	4152
18297	79	1	0	4157
18297	95	13	0	73513
18297	96	8	4	67949
18297	101	4	2	19139
18297	102	2	1	8289
18297	111	1	1	6697
18297	137	13	0	73550
18297	169	1	1	9353
18297	237	16	0	3330174
18297	271	2	0	7413
18298	39	2	0	7413
18298	73	13	0	73555
18298	104	2	0	9528
18298	112	2	1	9534
18298	140	1	0	4152
18298	202	3	0	403040
18298	210	1	0	1236570
18298	220	3	0	67785
18298	235	3	0	30994
18298	236	2	0	936977
18298	237	1	0	45396
18298	253	1	0	4148
18298	287	2	1	10968
18299	29	1	1	5381
18299	132	1	0	4154
18299	191	1	0	5381
18300	10	2	0	9535
18300	245	1	0	4157
18300	271	2	0	7414
18301	39	2	0	7411
18301	93	13	0	73547
18301	105	3	0	12488
18301	106	10	0	61020
18301	144	3	0	90564
18302	70	1	0	4158
18302	158	1	0	4157
18302	276	21	0	267685
18303	66	1	0	3708
18303	94	1	1	7003
18303	99	16	0	3330174
18303	102	3	1	17684
18303	120	2	1	9599
18303	180	3	0	28942
18303	271	2	0	7415
18304	28	2	1	9605
18304	39	2	0	7414
18304	101	1	1	11540
18304	112	1	0	4147
18304	119	4	0	21409
18304	181	1	1	9383
18305	29	2	0	10693
18305	38	1	0	3708
18305	91	16	0	3330174
18305	92	15	0	3306594
18305	99	16	0	3330174
18305	101	1	0	4203
18305	108	5	0	38286
1	46	0	15	8	26309978	26308899	26283237	26142530	26286719	26283217	152365	/install/index.php
1	1	0	0	0	26142494	0	0	26142494	0	0	64	/.well-known/acme-challenge/EH6GIA6APFAR8PY_K71BRRJI11IZ8ODZ
1	0	0	3	0	0	26311392	0	0	26311392	0	0	/public/assets
1	0	0	2	0	0	26295229	0	0	26285487	0	0	/wp/install/install/index.php
1	0	0	2	0	0	26294533	0	0	26285312	0	0	/2019/install/install/install/install/install/index.php
1	1	0	0	0	26142494	0	0	26142494	0	0	64	/.well-known/acme-challenge/JK055QPM_MCF0QXWKTTCY2O9NQQ85U0Y
1	1	0	0	0	26310686	0	0	26310686	0	0	0	/public/includes/one_ajax.php?type=unfollow
1	9	0	0	0	26338090	0	0	26142551	0	0	1574	/public/plugins/chat/chat.js
1	3	0	0	0	26319217	0	0	26319217	0	0	261	/.well-known/acme-challenge/g-kUNKm_TmDJCXMgVdLnNiXCP6g2J4qjBHKJ4MTTlyw
1	24	24	4	0	26347384	26338051	0	26142543	26142551	0	261236	/login/
1	0	0	1	0	0	26294446	0	0	26294446	0	0	/site/install/install/install/install/install/index.php
1	0	0	1	0	0	26294510	0	0	26294510	0	0	/public_html/install/install/install/install/install/install/install/install/install/index.php
1	1	0	1	0	26356260	26294979	0	26356260	26294979	0	12748	/blogs/wp-login.php
1	2	2	1	0	26311392	26311392	0	26311392	26311392	0	928	/public/assets/
1	0	0	1	0	0	26295269	0	0	26295269	0	0	/cms/install/install/install/install/index.php
1	6040	0	0	0	26338092	0	0	26142551	0	0	1097276	/public/includes/one_ajax.php?type=chat-names
1	6	0	0	0	26339568	0	0	26310062	0	0	496266	/public/img/404.png
1	0	0	1	0	0	26315109	0	0	26315109	0	0	/public/assets/images/positive/flag-all.jpg?148.64.56.66
1	36	0	36	0	26359696	26359696	0	26340983	26340983	0	1634256	/public/assets/images/positive/smile1-min.jpg
1	127	0	118	0	26353969	26340944	0	26312166	26312166	0	5605580	/public/assets/images/positive/smile1.jpg
1	36	0	36	0	26359696	26359696	0	26340983	26340983	0	3431016	/public/assets/images/positive/flag-all-min.jpg
1	2	0	0	0	26344283	0	0	26342718	0	0	8297	/robots.txt?223.225.65.74
1	15	0	0	0	26344526	0	0	26342581	0	0	62362	/public/assets/images/public/goal.jpg
1	2	0	0	0	26311392	0	0	26311392	0	0	17140	/public/ass
1	0	0	2	0	0	26294533	0	0	26285312	0	0	/2019/install/install/index.php
1	0	0	2	0	0	26295249	0	0	26285570	0	0	/wordpress/install/install/install/install/install/install/install/install/install/index.php
1	1	0	0	0	26142494	0	0	26142494	0	0	64	/.well-known/acme-challenge/NLEVN78R60I9D9LK9XEBE93G1ALV0DAR
1	1	0	1	0	26356260	26294979	0	26356260	26294979	0	12748	/sitio/wp-login.php
1	0	0	2	0	0	26295229	0	0	26285487	0	0	/wp/install/index.php
1	0	0	1	0	0	26285216	0	0	26285216	0	0	/test/install/install/install/install/install/install/index.php
1	7	7	15	0	26338091	26359742	0	26142551	26142600	0	117110	/admin/
1	2	0	0	0	26310685	0	0	26310685	0	0	2302	/rss/feed/General
1	1	0	0	0	26344149	0	0	26344149	0	0	12742	/wp-config.php
1	18	0	0	0	26344058	0	0	26343137	0	0	229189	/.env
1	0	0	1	0	0	26341407	0	0	26341407	0	0	/index/?223.225.65.74
1	5	5	0	0	26333443	0	0	26310685	0	0	56725	/index/?feed=General
1	0	0	1	0	0	26306300	0	0	26306300	0	0	/admin/install/install/install/install/install/install/install/install/install/index.php
1	0	0	1	0	0	26294446	0	0	26294446	0	0	/site/install/install/install/install/index.php
1	1	1	0	0	26329391	0	0	26329391	0	0	1128	/rss/
1	1	0	0	0	26323665	0	0	26323665	0	0	23580	/public/assets/images/positive/Smile.webp?139.162.67.40
1	1	0	0	0	26328832	0	0	26328832	0	0	4184	/wp-login.php?139.162.67.40
1	0	0	1	0	0	26295269	0	0	26295269	0	0	/cms/install/install/install/index.php
1	1	0	0	0	26338807	0	0	26338807	0	0	21847	/post/read/yoyo
1	2	0	0	0	26312167	0	0	26311399	0	0	8370	/public/assets/images/co.jpg
1	2	0	0	0	26323667	0	0	26323666	0	0	8376	/public/assets/images/goal.jpeg
1	3	0	0	0	26355671	0	0	26345728	0	0	12473	/wp-login.php?3.120.27.205
1	12	0	0	0	26347384	0	0	26142543	0	0	284809	/login
1	1	0	2	0	26356260	26294979	0	26356260	26285487	0	12745	/wp/wp-login.php
1	2	0	0	0	26309951	0	0	26142539	0	0	87112	/install/facebook_3.jpg
1	1	1	0	0	26338807	0	0	26338807	0	0	17325	/index/?feed=Coal & Mine
1	0	0	2	0	0	26294533	0	0	26285312	0	0	/2019/install/install/install/index.php
1	0	0	1	0	0	26310705	0	0	26310705	0	0	/post/read/bhb&edit=success&msg=Data%2520created%2520successfully
1	1	0	0	0	26311399	0	0	26311399	0	0	4195	/public/assets/images/cows-eating-.jpg
1	1	1	0	0	26338807	0	0	26338807	0	0	17373	/index/?feed=Chemicals & Fertilizers/
1	1	0	0	0	26319207	0	0	26319207	0	0	64	/.well-known/acme-challenge/FBG_QST-MQUUAPGHD8XL1MZZN_B30FLO
1	162	0	181	0	26359696	26359696	0	26312167	26312167	0	3819960	/public/assets/images/positive/Smile.webp
1	41	0	0	0	26339563	0	0	26142530	0	0	187612	/public/plugins/summernote/summernote.css
1	5	0	0	0	26342718	0	0	26145295	0	0	30317	/page/privacy_policy
1	22	0	0	0	26339563	0	0	26142544	0	0	63273	/public/plugins/jscroll/jquery.jscroll.js
1	6039	0	0	0	26338092	0	0	26142551	0	0	1120	/public/includes/one_ajax.php?type=chat-heads
1	13	0	0	0	26342750	0	0	26145296	0	0	97847	/page/about_us
1	12	0	0	0	26338090	0	0	26142551	0	0	32418	/public/plugins/chat/chat.css
1	35	0	35	0	26359696	26359696	0	26340983	26340983	0	2312485	/public/assets/images/negative/indian-railways-min.jpg
1	1	0	1	0	26356260	26294979	0	26356260	26294979	0	12746	/old/wp-login.php
1	0	0	2	0	0	26295249	0	0	26285570	0	0	/wordpress/install/install/install/index.php
1	1	1	0	0	26310055	0	0	26310055	0	0	6879	/login/?logout=true
1	1	0	3	0	26356260	26294979	0	26356260	26285401	0	12747	/blog/wp-login.php
1	1	0	0	0	26142494	0	0	26142494	0	0	64	/.well-known/acme-challenge/Q-OF0GAGDASA2M_3S_SXTV4-ZIMA66_-
1	41	0	0	0	26339563	0	0	26142530	0	0	113732	/public/css/custom.css?v=1.01
1	0	0	2	0	0	26294426	0	0	26285401	0	0	/blog/install/install/install/install/index.php
1	0	0	1	0	0	26306300	0	0	26306300	0	0	/admin/install/install/install/index.php
1	1	0	1	0	26310651	26310651	0	26310651	26310651	0	7107	/post/create/&edit=fail&msg=Unable to save data, please try again
1	0	0	1	0	0	26142619	0	0	26142619	0	0	/admin/?section=general&edit=success&msg=Data%2520updated%2520successfully
1	1	1	0	0	26310658	0	0	26310658	0	0	8112	/users/view/1/?section=edit&hash=5e16bf7e8d1c6
1	1	1	0	0	26338807	0	0	26338807	0	0	17320	/index/?feed=Art & Culture
1	1	0	0	0	26311397	0	0	26311397	0	0	4190	/public/assets/images/rainy.jpg
1	0	0	2	0	0	26295229	0	0	26285487	0	0	/wp/install/install/install/index.php
1	0	0	1	0	0	26294510	0	0	26294510	0	0	/public_html/install/install/install/install/install/install/index.php
1	0	0	2	0	0	26310675	0	0	26310675	0	0	/post/delete/bhb&hash=5e16c470e7eee
1	9	0	0	0	26338090	0	0	26142551	0	0	56131	/public/js/jquery.form.min.js
1	0	0	2	0	0	26294533	0	0	26285312	0	0	/2019/install/install/install/install/install/install/install/install/index.php
1	84	0	0	0	26338149	0	0	26309987	0	0	6741	/public/includes/one_ajax.php?type=q_suggestions
1	0	0	1	0	0	26294446	0	0	26294446	0	0	/site/install/install/install/install/install/install/index.php
1	1	0	0	0	26146488	0	0	26146488	0	0	6703	/post/read/This-is-a-a-test-post&edit=success&msg=Data%2520created%2520successfully
1	1	0	0	0	26310653	0	0	26310653	0	0	632	/public/includes/one_ajax.php?type=open-chat
1	0	0	2	0	0	26295249	0	0	26285570	0	0	/wordpress/install/install/index.php
1	1	0	0	0	26312167	0	0	26312167	0	0	4189	/public/assets/images/fu.jpg
1	4	0	0	0	26319217	0	0	26319217	0	0	348	/.well-known/acme-challenge/LYHdp2z1AznW3LND0IhNlREsnkCStNDJLlGu3rGQsQw
1	0	0	3	0	0	26325600	0	0	26318089	0	0	/public/assets/images/positive/flag-all.jpg?139.162.67.40
1	0	0	1	0	0	26295269	0	0	26295269	0	0	/cms/install/install/install/install/install/index.php
1	4	4	0	0	26338051	0	0	26145418	0	0	20720	/index/?edit=fail&msg=Restricted access! You are not authorized to view this section
1	1	0	3	0	26356260	26295249	0	26356260	26285570	0	12752	/wordpress/wp-login.php
1	129	0	118	0	26353970	26340944	0	26312167	26312167	0	18192833	/public/assets/images/positive/smile2.jpg
1	0	0	1	0	0	26306300	0	0	26306300	0	0	/admin/install/install/index.php
1	1	0	0	0	26319207	0	0	26319207	0	0	64	/.well-known/acme-challenge/_GPL3MNNYL3Q5H6ZZ4JBQFOH0LQ2LQRH
1	0	0	2	0	0	26294533	0	0	26285312	0	0	/2019/install/index.php
1	1	0	1	0	26356260	26294979	0	26356260	26294979	0	12748	/press/wp-login.php
1	94	0	89	0	26353970	26340986	0	26323668	26323668	0	3010266	/public/assets/images/goal.jpg
1	1	0	1	0	26356260	26294979	0	26356260	26294979	0	12747	/wpmu/wp-login.php
1	0	0	1	0	0	26310711	0	0	26310711	0	0	/post/create/&edit=success&msg=Data%2520deleted%2520successfully
1	35	0	0	0	26339563	0	0	26142544	0	0	1209032	/public/css/bootstrap.css
1	0	0	2	0	0	26295229	0	0	26285487	0	0	/wp/install/install/install/install/install/install/index.php
1	132	0	117	0	26353969	26340944	0	26312166	26312166	0	24736289	/public/assets/images/positive/future-cities.jpg
1	0	0	1	0	0	26348527	0	0	26348527	0	0	/index/?3.120.27.205
1	0	0	1	0	0	26142530	0	0	26142530	0	0	/?144.76.65.163
1	1	0	0	0	26142601	0	0	26142601	0	0	3400	/public/upl_files/cd67ae149f.PNG
1	0	0	1	0	0	26294447	0	0	26294447	0	0	/site/install/install/install/install/install/install/install/install/install/index.php
1	130	0	4	0	26359744	26307860	0	26142619	26284992	0	574530	/robots.txt
1	0	0	1	0	0	26359709	0	0	26359709	0	0	/index/?edit=success&msg=Account%2520created%2520successfully!%2520welcome%2520to%2520Please%2520Zoom%2520In%2520Thank%2520You%2520:)
1	1	0	1	0	26356260	26294979	0	26356260	26294979	0	12749	/portal/wp-login.php
1	2	0	0	0	26309951	0	0	26142539	0	0	35530	/install/facebook_4.jpg
1	5	5	0	0	26339499	0	0	26142544	0	0	0	/public/img/
1	0	0	0	1	0	0	26339954	0	0	26339954	0	/.git/HEAD?223.225.65.74
1	112	0	113	0	26353970	26340944	0	26311398	26311398	0	5032227	/public/assets/images/Girls-Eve-Teasing-2.jpg
1	0	0	2	0	0	26310652	0	0	26310652	0	0	/post/delete/test&hash=5e16bf7e8d1c6
1	0	0	1	0	0	26285216	0	0	26285216	0	0	/test/install/install/index.php
1	3	0	0	10	26331135	0	26329580	26329577	0	26329488	12545	/e-goverment
1	0	0	1	0	0	26295269	0	0	26295269	0	0	/cms/install/install/install/install/install/install/install/install/index.php
1	1	0	0	0	26142494	0	0	26142494	0	0	64	/.well-known/acme-challenge/VOWC4XQHZBA13IJO6G0MDOG99-OEUQ6S
1	2	0	0	0	26309951	0	0	26142539	0	0	88592	/install/google.jpg
1	1	0	0	0	26311397	0	0	26311397	0	0	4183	/public/assets/images/india.jpg
1	34	0	0	0	26332444	0	0	26310070	0	0	134421	/test
1	1	0	0	0	26310686	0	0	26310686	0	0	0	/public/includes/one_ajax.php?type=follow
1	1	1	0	0	26338807	0	0	26338807	0	0	19003	/?223.225.65.74
1	34	0	34	0	26359696	26359696	0	26340986	26340986	0	28616814	/public/assets/images/positive/women-leading-min.jpeg
1	0	0	2	0	0	26295229	0	0	26285487	0	0	/wp/install/install/install/install/install/index.php
1	82	0	0	0	26341034	0	0	26329700	0	0	784611	/egovernment
1	0	0	1	0	0	26310055	0	0	26310055	0	0	/logout/
1	4	0	0	0	26319217	0	0	26319217	0	0	348	/.well-known/acme-challenge/sweyKMdMJ4CTL2mccUhcoQB-2RS_hpB9f8pD2PyhQ_E
1	1	0	0	0	26338051	0	0	26338051	0	0	17223	/index?edit=fail&msg=Restricted+access!+You+are+not+authorized+to+view+this+section
1	2	2	0	0	26348191	0	0	26348187	0	0	8284	/2welcome/
1	1	0	0	0	26309990	0	0	26309990	0	0	7113	/public/img/topic.png
1	33	0	33	0	26359696	26359696	0	26341035	26341034	0	710325	/public/assets/images/negative/beggars-min.jpg
1	0	0	1	0	0	26294446	0	0	26294446	0	0	/site/install/install/install/install/install/install/install/install/index.php
1	3	3	0	0	26338807	0	0	26310675	0	0	31683	/index/?feed=Chemicals & Fertilizers
1	1	0	1	0	26356260	26294979	0	26356260	26294979	0	12746	/web/wp-login.php
1	1	0	0	0	26319207	0	0	26319207	0	0	64	/.well-known/acme-challenge/U8X6L9LAKLZT6TBPS2ZTFHJ2V07BC425?139.162.67.40
1	13	0	0	0	26338117	0	0	26142551	0	0	687846	/public/plugins/summernote/summernote.js
1	0	0	2	0	0	26295249	0	0	26285570	0	0	/wordpress/install/install/install/install/index.php
1	1	0	4	0	26160273	26308899	0	26160273	26294372	0	4581	/wp-login.php?148.64.56.66
1	2	0	4	0	26316234	26298872	0	26162575	26283827	0	8752	/wp-login.php?148.64.5.118
1	0	0	1	0	0	26285216	0	0	26285216	0	0	/test/wp-login.php
1	0	0	1	0	0	26295269	0	0	26295269	0	0	/cms/install/install/install/install/install/install/install/index.php
1	33	0	33	0	26359696	26359696	0	26341035	26341034	0	2743851	/public/assets/images/negative/water-problem-min.jpg
1	0	0	1	0	0	26142543	0	0	26142543	0	0	/public/includes/hybridauth/?hauth.start=Google&hauth.time=1568458999
1	2	0	0	0	26359744	0	0	26359744	0	0	17038	/:2083
1	3	3	0	0	26146561	0	0	26146531	0	0	18591	/index/?edit=fail&msg=Restricted access!, You are not authorized to view this section
1	1	0	1	0	26338807	26299074	0	26338807	26299074	0	12981	/ads.txt
1	0	0	1	0	0	26306300	0	0	26306300	0	0	/admin/install/install/install/install/index.php
1	12	12	20	0	26338115	26342160	0	26309987	26143071	0	82329	/post/create/
1	1	1	0	0	26310671	0	0	26310671	0	0	7162	/index/?feed=Animal Husbandry & Fishing
1	1	0	0	0	26312166	0	0	26312166	0	0	4186	/public/assets/images/positive.jpg
1	3	0	0	0	26359346	0	0	26350132	0	0	11567	/robots.txt?3.120.27.205
1	35	0	34	0	26359696	26359696	0	26340983	26340986	0	2540250	/public/assets/images/negative/rape-in-india-min.jpg
1	2	0	0	0	26146604	0	0	26146565	0	0	13239	/post/read/This-is-a-a-test-post
1	0	0	1	0	0	26294446	0	0	26294446	0	0	/site/install/install/install/index.php
1	1	0	1	0	26356260	26294979	0	26356260	26294979	0	12747	/info/wp-login.php
1	2	0	0	0	26309951	0	0	26142539	0	0	100612	/install/addthis.jpg
1	0	0	1	0	0	26295269	0	0	26295269	0	0	/cms/install/install/index.php
1	1	0	0	0	26338807	0	0	26338807	0	0	12985	/sitemap.xml
1	0	0	1	0	0	26353011	0	0	26353011	0	0	/?3.120.27.205
1	0	0	0	4	0	0	26329578	0	0	26329578	0	/goverment
1	36	0	36	0	26359696	26359696	0	26340983	26340983	0	2173284	/public/assets/images/negative/rainy-roads-cities-min.jpg
1	0	0	2	0	0	26323666	0	0	26311392	0	0	/public/assets/images
1	1	0	1	0	26356260	26294979	0	26356260	26294979	0	12750	/english/wp-login.php
1	7	7	0	1	26350557	0	26348162	26348161	0	26348162	62982	/welcome/
1	35	0	35	0	26359696	26359696	0	26340983	26340983	0	3173800	/public/assets/images/positive/smile2-min.jpg
1	0	0	2	0	0	26295249	0	0	26285570	0	0	/wordpress/install/install/install/install/install/install/install/index.php
1	0	0	1	0	0	26147954	0	0	26147954	0	0	/guide
1	8	0	0	0	26309948	0	0	26142530	0	0	12171	/public/plugins/typeahead/typeaheadjs.css?v=1.01
1	9	0	0	0	26338117	0	0	26310651	0	0	1703421	/public/img/rss.png
1	2	0	0	0	26340986	0	0	26340983	0	0	8390	/public/assets/negative/images/bus-fire-min.jpg
1	36	0	0	0	26339563	0	0	26142543	0	0	285372	/public/img/loading.gif
1	0	0	2	0	0	26294533	0	0	26285312	0	0	/2019/install/install/install/install/index.php
1	32	0	0	0	26339563	0	0	26142544	0	0	356363	/public/plugins/cropper/cropper.min.js
1	0	0	4	0	0	26309982	0	0	26142543	0	0	/login/&provider=facebook
1	0	0	1	0	0	26306300	0	0	26306300	0	0	/admin/install/install/install/install/install/install/install/index.php
1	1	0	1	0	26356260	26294979	0	26356260	26294979	0	12747	/news/wp-login.php
1	3	3	0	0	26338807	0	0	26338108	0	0	30111	/index/?feed=Animal Husbandry & Fishing/
1	1	0	0	0	26319207	0	0	26319207	0	0	64	/.well-known/acme-challenge/0PMAA0CQ890TG2D77Y2RD9O1WND3G9G-
1	4	0	0	0	26310949	0	0	26310062	0	0	25516	/page/e-goverment
1	0	0	1	0	0	26285216	0	0	26285216	0	0	/test/install/install/install/install/install/install/install/install/index.php
1	0	0	2	0	0	26295229	0	0	26285487	0	0	/wp/install/install/install/install/install/install/install/index.php
1	0	0	1	1	0	26309982	26309982	0	26309982	26309982	0	/public/includes/hybridauth/?hauth.start=Google&hauth.time=1578508937
1	0	0	1	0	0	26309982	0	0	26309982	0	0	/public/includes/hybridauth/?hauth.start=Google&hauth.time=1578508936
1	0	0	1	0	0	26341091	0	0	26341091	0	0	/post/update/testd&hash=5e328c77b7196
1	0	0	2	0	0	26295249	0	0	26285570	0	0	/wordpress/install/install/install/install/install/install/index.php
1	5	5	2	0	26338092	26143192	0	26142600	26143180	0	73321	/admin/?section=general&edit=success&msg=Data updated successfully
1	1	1	0	0	26145398	0	0	26145398	0	0	5600	/index/?edit=fail&msg=Restricted%2520access!%2520You%2520are%2520not%2520authorized%2520to%2520view%2520this%2520section
1	4	0	0	0	26319217	0	0	26319217	0	0	348	/.well-known/acme-challenge/VSK-4wbOTWe9wbAWL69vsvP5JEhe395QX-1mrlZyWY0
1	0	0	1	0	0	26295269	0	0	26295269	0	0	/cms/install/install/install/install/install/install/install/install/install/index.php
1	0	0	1	0	0	26294510	0	0	26294510	0	0	/public_html/install/index.php
1	2	2	0	0	26146589	0	0	26146568	0	0	11360	/users/view/1003/
1	3	0	5	0	26310674	26313078	0	26310672	26310672	0	41816	/post/read/bhb
1	0	0	1	0	0	26306300	0	0	26306300	0	0	/admin/install/install/install/install/install/install/index.php
1	0	0	1	0	0	26309982	0	0	26309982	0	0	/public/includes/hybridauth/?hauth.start=Facebook&hauth.time=1578508946
1	0	0	1	0	0	26309982	0	0	26309982	0	0	/public/includes/hybridauth/?hauth.start=Facebook&hauth.time=1578508945
1	0	0	1	0	0	26312167	0	0	26312167	0	0	/public/assets/images/positive
1	5	0	4	0	26338171	26358265	0	26142544	26339569	0	84507	/index
1	0	0	2	0	0	26294426	0	0	26285401	0	0	/blog/install/install/install/install/install/install/install/install/install/index.php
1	1	1	0	0	26146578	0	0	26146578	0	0	6770	/post/read/This-is-a-a-test-post/?edit=success&msg=Your%2520answer%2520was%2520submitted!%2520Thanks%2520for%2520contributing%2520in%2520such%2520interesting%2520discussion
1	0	0	1	0	0	26285216	0	0	26285216	0	0	/test/install/install/install/install/install/install/install/install/install/index.php
1	2	0	0	0	26311392	0	0	26311392	0	0	17165	/public/assets/images/rape-
1	0	0	1	0	0	26312686	0	0	26312686	0	0	/post/create/?148.64.5.118
1	2	2	0	0	26340975	0	0	26340966	0	0	10460	/users/view/1001/
1	0	0	0	18	0	0	26339582	0	0	26339578	0	/feed
1	0	0	2	0	0	26295249	0	0	26285570	0	0	/wordpress/install/index.php
1	10	10	0	0	26338077	0	0	26142551	0	0	166769	/index/?edit=fail&msg=Restricted
1	24	0	0	0	26342148	0	0	26145320	0	0	357032	/page/terms
1	1	1	1	0	26142543	26142543	0	26142543	26142543	0	1175	/public/includes/hybridauth/?hauth.start=Google&hauth.time=1568459000
1	33	0	33	0	26359696	26359696	0	26341035	26341034	0	40806810	/public/assets/images/negative/dog-car-accident-min.jpg
1	1	0	1	0	26356260	26294979	0	26356260	26294979	0	12746	/new/wp-login.php
1	0	0	1	0	0	26306300	0	0	26306300	0	0	/admin/install/index.php
1	1	0	0	0	26311399	0	0	26311399	0	0	4188	/public/assets/images/bu.jpg
1	32	0	0	0	26339563	0	0	26142544	0	0	29458	/public/plugins/Emoji/jquery.emotions.js
1	1	1	2	0	26312167	26312167	0	26312167	26312167	0	606	/public/assets/images/positive/
1	49	49	5	0	26358265	26358665	0	26142544	26339640	0	361103	/index/
1	0	0	3	0	0	26287588	0	0	26286984	0	0	/index.php
1	0	0	2	0	0	26294426	0	0	26285401	0	0	/blog/install/install/install/install/install/install/index.php
1	1	0	0	0	26311398	0	0	26311398	0	0	4186	/public/assets/images/.jpg
1	0	0	1	0	0	26142543	0	0	26142543	0	0	/public/includes/hybridauth/?hauth.start=Facebook&hauth.time=1568459007
1	3	0	0	0	26333002	0	0	26329844	0	0	64910	/egovernment?223.225.65.74
1	0	0	1	0	0	26142543	0	0	26142543	0	0	/public/includes/hybridauth/?hauth.start=Facebook&hauth.time=1568459006
1	3	3	0	0	26310707	0	0	26310702	0	0	12517	/error/404/
1	0	0	1	0	0	26294510	0	0	26294510	0	0	/public_html/install/install/install/install/index.php
1	0	0	1	0	0	26294468	0	0	26294468	0	0	/www/wp-login.php
1	2	0	0	0	26359346	0	0	26358358	0	0	13078	/post/read/regional-concentration
1	0	0	1	0	0	26295269	0	0	26295269	0	0	/cms/wp-login.php
1	1	0	0	0	26311397	0	0	26311397	0	0	4195	/public/assets/images/indian-railwa.jpg
1	1	0	2	0	26309990	26310031	0	26309990	26309990	0	13672	/admin/&section=topics&type=new&hash=5e1621a2877bb
1	1	0	1	0	26338123	26310702	0	26338123	26310702	0	6382	/post/read/test&edit=success&msg=Data%2520created%2520successfully
1	35	0	35	0	26359696	26359696	0	26340983	26340983	0	5417195	/public/assets/images/positive/future-india-min.jpg
1	1	0	0	0	26311398	0	0	26311398	0	0	4197	/public/assets/images/Girls-Eve-Teasing 2.jpg
1	0	0	5	0	0	26309982	0	0	26142543	0	0	/login/&provider=google
1	1	0	0	0	26311398	0	0	26311398	0	0	4184	/public/assets/images/Girls-.jpg
1	0	0	2	0	0	26295229	0	0	26285487	0	0	/wp/install/install/install/install/install/install/install/install/install/index.php
1	0	0	3	0	0	26338051	0	0	26309987	0	0	/post/create
1	1	1	0	0	26310670	0	0	26310670	0	0	7056	/users/view/1/?section=edit&edit=success&msg=Data updated successfully
1	0	0	1	0	0	26310701	0	0	26310701	0	0	/post/create/&edit=fail&msg=Unable%2520to%2520save%2520data,%2520please%2520try%2520again
1	1	0	0	0	26341085	0	0	26341085	0	0	6327	/post/read/testd&edit=success&msg=Posted%2520successfully
1	1	0	0	0	26312166	0	0	26312166	0	0	4188	/public/assets/images/positive/s.jpg
1	108	0	110	0	26353970	26340944	0	26311399	26311399	0	45272239	/public/assets/images/bus-fire.jpg
1	9	0	0	0	26338090	0	0	26142551	0	0	17645	/public/plugins/slimScroll/jquery.slimscroll.min.js
1	2	0	0	0	26312167	0	0	26312167	0	0	17160	/public/assets/images/b
1	127	0	111	0	26353969	26340944	0	26312166	26312166	0	16825951	/public/assets/images/positive/flag-all.jpg
1	0	0	2	0	0	26295249	0	0	26285570	0	0	/wordpress/install/install/install/install/install/install/install/install/index.php
1	41	0	0	0	26339563	0	0	26142530	0	0	12401	/public/css/ie10-viewport-bug-workaround.css
1	0	0	2	0	0	26294426	0	0	26285401	0	0	/blog/install/install/install/install/install/install/install/index.php
1	1	0	1	0	26356260	26294979	0	26356260	26294979	0	12748	/sites/wp-login.php
1	0	0	1	0	0	26294510	0	0	26294510	0	0	/public_html/install/install/install/index.php
1	0	0	1	0	0	26285216	0	0	26285216	0	0	/test/install/install/install/install/install/install/install/index.php
1	0	0	1	0	0	26306300	0	0	26306300	0	0	/admin/install/install/install/install/install/install/install/install/index.php
1	1	0	0	0	26149039	0	0	26149039	0	0	4572	/robots.txt?148.64.5.118
1	0	0	1	0	0	26285118	0	0	26285118	0	0	/robots.txt?148.64.56.66
1	35	0	0	0	26339563	0	0	26142530	0	0	41929	/public/js/ie10-viewport-bug-workaround.js
1	1	0	0	0	26338807	0	0	26338807	0	0	21845	/post/read/n-a
1	0	0	2	0	0	26295229	0	0	26285487	0	0	/wp/install/install/install/install/index.php
1	4	0	0	0	26319217	0	0	26319217	0	0	348	/.well-known/acme-challenge/h4RoLhc1qG80Tw41Yo3l8zqt8YsNV_7MtREePLlkfMg
1	32	0	0	0	26339563	0	0	26142544	0	0	91914	/public/js/jquery.slugit.js
1	3	0	0	0	26332183	0	0	26330806	0	0	12558	/EGOVerNment
1	23	0	0	0	26339563	0	0	26142544	0	0	148662	/public/plugins/tagsinput/bootstrap-tagsinput.js
1	7411	0	0	0	26338338	0	0	26142551	0	0	311852	/public/includes/one_ajax.php?type=check_notifications
1	0	0	1	0	0	26294446	0	0	26294446	0	0	/site/install/install/install/install/install/install/install/index.php
1	1	1	3	0	26311132	26289937	0	26311132	26147619	0	4899	/?148.64.56.66
1	19	0	19	0	26359696	26359696	0	26344542	26344542	0	408253	/public/assets/images/mission-min.jpg
1	0	0	6	0	0	26309948	0	0	26144393	0	0	/?148.64.5.118
1	0	0	1	0	0	26143057	0	0	26143057	0	0	/admin/&section=topics&type=new&hash=5d7d309a7adce
1	0	0	1	0	0	26295269	0	0	26295269	0	0	/cms/install/install/install/install/install/install/index.php
1	1	1	0	0	26338807	0	0	26338807	0	0	17339	/index/?feed=General/
1	35	0	35	0	26359696	26359696	0	26340983	26340983	0	1245685	/public/assets/images/negative/Girls-Eve-Teasing-2-min.jpg
1	1	0	1	0	26356260	26294979	0	26356260	26294979	0	12747	/home/wp-login.php
1	1	0	0	0	26312166	0	0	26312166	0	0	4186	/public/assets/images/positiv.jpg
1	0	0	1	0	0	26295229	0	0	26295229	0	0	/wp/wp-login.php?148.64.5.118
1	0	0	0	2	0	0	26338115	0	0	26338115	0	/post/read/yoyo&edit=success&msg=Posted successfully
1	2	2	0	0	26310673	0	0	26310672	0	0	20183	/post/read/bhb/?edit=success&msg=Your answer was submitted! Thanks for contributing in such interesting discussion
1	0	0	1	0	0	26285216	0	0	26285216	0	0	/test/install/install/install/install/index.php
1	2	0	1	0	26310675	26310652	0	26310652	26310652	0	14168	/post/create/&edit=success&msg=Data deleted successfully
1	1	0	0	0	26311398	0	0	26311398	0	0	4187	/public/assets/images/Girls-Eve.jpg
1	1	0	0	0	26312167	0	0	26312167	0	0	4189	/public/assets/images/g-2.jpg
1	4	0	0	0	26338051	0	0	26142543	0	0	2521764	/public/img/background.jpg
1	8	0	0	0	26338051	0	0	26142543	0	0	18520	/public/css/cover.css?v=1.01
1	1	0	0	0	26312166	0	0	26312166	0	0	4184	/public/assets/images/ities.jpg
1	0	0	1	0	0	26306300	0	0	26306300	0	0	/admin/?148.64.56.66
1	19	0	0	0	26338807	0	0	26145317	0	0	163116	/page/contact_us
1	4	0	0	0	26319217	0	0	26319217	0	0	348	/.well-known/acme-challenge/JfARXgkAuNsviGI1XrGTZDvUri0FhOR_8VlTvIcfDV4
1	3	0	0	0	26344585	0	0	26344316	0	0	38235	/.aws/credentials
1	2	2	1	0	26357902	26310670	0	26356920	26310670	0	10896	/users/view/1/
1	1	0	0	0	26142605	0	0	26142605	0	0	3163	/public/upl_files/cd7767afa6.PNG
1	0	0	0	1	0	0	26329692	0	0	26329692	0	/tester
1	35	0	35	0	26359696	26359696	0	26340983	26340983	0	2932615	/public/assets/images/negative/cows-eating-garbage-min.jpg
1	0	0	3	0	0	26336958	0	0	26334476	0	0	/public/assets/images/positive/flag-all.jpg?223.225.65.74
1	0	0	2	0	0	26294426	0	0	26285401	0	0	/blog/install/install/install/install/install/index.php
1	2	0	0	0	26309951	0	0	26142539	0	0	54872	/install/facebook_1.jpg
1	1	0	1	0	26356260	26294979	0	26356260	26294979	0	12747	/demo/wp-login.php
1	2	0	0	0	26312167	0	0	26312167	0	0	8380	/public/assets/images/positive/.jpg
1	2	2	3	0	26323666	26323666	0	26311392	26311392	0	1364	/public/assets/images/
1	1	0	1	0	26356260	26294979	0	26356260	26294979	0	12745	/en/wp-login.php
1	0	0	1	0	0	26285216	0	0	26285216	0	0	/test/install/install/install/install/install/index.php
1	0	0	1	0	0	26294446	0	0	26294446	0	0	/site/install/index.php
1	3	3	0	0	26149056	0	0	26146748	0	0	20313	/post/read/This-is-a-a-test-post/?edit=success&msg=Your answer was submitted! Thanks for contributing in such interesting discussion
1	0	0	1	0	0	26294510	0	0	26294510	0	0	/public_html/install/install/install/install/install/index.php
1	41	0	0	0	26339563	0	0	26142530	0	0	25271	/public/plugins/tagsinput/bootstrap-tagsinput.css
1	2	0	0	0	26309951	0	0	26142539	0	0	64610	/install/recaptcha.jpg
1	0	0	2	0	0	26294533	0	0	26285312	0	0	/2019/install/install/install/install/install/install/install/install/install/index.php
1	32	0	0	0	26339563	0	0	26142544	0	0	49977	/public/plugins/quickfit/jquery.quickfit.js
1	0	0	1	0	0	26142551	0	0	26142551	0	0	/public/includes/hybridauth/?hauth.start=Google&hauth.time=1568459475
1	8	0	0	0	26309948	0	0	26142530	0	0	523718	/public/css/bootstrap.css?v=1.01
1	35	0	0	0	26339563	0	0	26142544	0	0	32556	/public/plugins/typeahead/typeaheadjs.css
1	2	0	0	0	26338115	0	0	26338115	0	0	30477	/post/read/n-a&edit=success&msg=Posted successfully
1	0	0	5	0	0	26338077	0	0	26142551	0	0	/admin
1	126	0	4	3	26348162	26309977	26309951	26142540	26142530	26283217	522861	/favicon.ico
1	0	0	1	0	0	26309982	0	0	26309982	0	0	/public/includes/hybridauth?hauth.start=Google&hauth.time=1578508937
1	1	0	0	0	26347148	0	0	26347148	0	0	4167	/public/assets/images/positive/flag-all.jpg?3.120.27.205
1	0	0	2	0	0	26294426	0	0	26285401	0	0	/blog/install/install/index.php
1	0	0	2	0	0	26295249	0	0	26285570	0	0	/wordpress/install/install/install/install/install/index.php
1	3	3	1	0	26284752	26283231	0	26283231	26283231	0	13978	/install/
1	0	0	2	0	0	26294533	0	0	26285312	0	0	/2019/wp-login.php
1	0	0	1	0	0	26306300	0	0	26306300	0	0	/admin/install/install/install/install/install/index.php
1	1	1	0	0	26310009	0	0	26310009	0	0	18805	/admin/?section=pages&edit=success&msg=Data updated successfully
1	0	0	1	0	0	26310055	0	0	26310055	0	0	/logout
1	1	0	0	0	26312166	0	0	26312166	0	0	4198	/public/assets/images/positive/indian-railways.jpg
1	1	0	0	0	26358355	0	0	26358355	0	0	6562	/post/read/apathy-of-honest-and-educated-people-towards-politics
1	0	0	2	0	0	26327337	0	0	26320716	0	0	/?139.162.67.40
1	2	0	0	0	26340986	0	0	26340983	0	0	8389	/public/assets/images/positive/women-leading-min.jpg
1	1	0	0	0	26310658	0	0	26310658	0	0	17086	/users/view/1?section=edit&hash=5e16bf7e8d1c6
1	2	0	0	0	26309951	0	0	26142539	0	0	120752	/install/analytics.jpg
1	1	0	0	0	26145423	0	0	26145423	0	0	4632	/page/about_us?148.64.5.118
1	0	0	2	0	0	26294533	0	0	26285312	0	0	/2019/install/install/install/install/install/install/index.php
1	34	0	34	0	26359696	26359696	0	26340986	26340986	0	13451250	/public/assets/images/negative/bus-fire-min.jpg
1	7	0	0	0	26338067	0	0	26310651	0	0	90125	/post/read/test&edit=success&msg=Data created successfully
1	1	0	0	0	26142494	0	0	26142494	0	0	64	/.well-known/acme-challenge/LSW43P7WOC2JCS0L34KL-4ZFP138_LFK
1	3	3	0	0	26310652	0	0	26310651	0	0	29853	/post/read/test/?edit=success&msg=Your answer was submitted! Thanks for contributing in such interesting discussion
1	15	0	0	0	26338161	0	0	26142551	0	0	18615	/public/img/arrow.png
1	0	0	1	0	0	26294510	0	0	26294510	0	0	/public_html/install/install/install/install/install/install/install/install/index.php
1	9	0	0	0	26339499	0	0	26142544	0	0	296892	/public/img/favicon.ico
1	122	0	118	0	26353970	26340944	0	26311397	26311397	0	7782501	/public/assets/images/indian-railways.jpg
1	0	0	1	0	0	26142543	0	0	26142543	0	0	/public/includes/hybridauth?hauth.start=Google&hauth.time=1568459000
1	3	0	0	0	26338077	0	0	26142551	0	0	41672	/public/plugins/charts-chartjs/Chart.min.js
1	0	0	1	0	0	26294510	0	0	26294510	0	0	/public_html/wp-login.php
1	7	0	0	0	26338051	0	0	26142530	0	0	81063	/public/js/bootstrap.min.js
1	0	0	2	0	0	26294426	0	0	26285401	0	0	/blog/install/install/install/index.php
1	2	0	0	0	26310671	0	0	26310671	0	0	31125	/post/read/bhb&edit=success&msg=Data created successfully
1	0	0	1	3	0	26283231	26283228	0	26283231	26283228	0	/install
1	0	0	1	0	0	26285216	0	0	26285216	0	0	/test/install/install/install/index.php
1	1	0	0	0	26319207	0	0	26319207	0	0	64	/.well-known/acme-challenge/GZE7HV3_-D26WWFI3Z9LYW1HM0EVOF9Q
1	2	0	0	0	26352050	0	0	26349642	0	0	10762	/thankyou
1	2	2	0	0	26350705	0	0	26349683	0	0	10762	/thankyou/
1	0	0	2	0	0	26147954	0	0	26147954	0	0	/guide/
1	125	0	119	0	26353970	26340944	0	26311397	26311397	0	8681703	/public/assets/images/rainy-roads-cities.jpg
1	0	0	2	0	0	26294533	0	0	26285312	0	0	/2019/install/install/install/install/install/install/install/index.php
1	130	0	120	0	26353970	26340944	0	26311392	26311392	0	14214780	/public/assets/images/rape-in-india.jpg
1	0	0	1	0	0	26294510	0	0	26294510	0	0	/public_html/install/install/install/install/install/install/install/index.php
1	74	74	173	29	26339591	26359661	26339545	26142601	26142530	26283218	781159	/
1	15	0	2	6	26343083	26310715	26338108	26310651	26310651	26338108	145130	/post/read/test
1	1	0	2	0	26356260	26294979	0	26356260	26294446	0	12747	/site/wp-login.php
1	1	1	0	0	26309991	0	0	26309991	0	0	13511	/admin/?section=topics&edit=success&msg=Data created successfully
1	1	1	0	0	26146514	0	0	26146514	0	0	6200	/index/?edit=fail&msg=Restricted%2520access!,%2520You%2520are%2520not%2520authorized%2520to%2520view%2520this%2520section
1	8	0	0	0	26338051	0	0	26142543	0	0	584231	/public/css/bootstrap.min.css
1	0	0	2	0	0	26295229	0	0	26285487	0	0	/wp/install/install/install/install/install/install/install/install/index.php
1	5	0	0	2	26331926	0	26329493	26330162	0	26329493	29689	/egoverment
1	0	0	0	9	0	0	26340035	0	0	26339293	0	/.git/HEAD
1	1	0	0	0	26351516	0	0	26351516	0	0	5381	/thankyou?3.120.27.205
1	130	0	118	0	26353970	26340944	0	26312167	26312167	0	32242150	/public/assets/images/positive/future.jpg
1	17	0	0	0	26347384	0	0	26142543	0	0	70669	/login/favicon.ico
1	1	0	0	0	26311398	0	0	26311398	0	0	4191	/public/assets/images/Girls-Eve-Teasi.jpg
1	35	0	0	0	26339563	0	0	26142530	0	0	359808	/public/plugins/typeahead/typeahead.js
1	2	0	0	0	26348163	0	0	26348163	0	0	8298	/welcome/favicon.ico
1	2	0	0	0	26309951	0	0	26142539	0	0	49502	/install/facebook_2.jpg
1	6	6	1	0	26338807	26358324	0	26310461	26358324	0	101249	/index/?leaderboard=true
1	2	0	0	0	26341022	0	0	26339662	0	0	8326	/register
1	1	0	0	0	26348161	0	0	26348161	0	0	12731	/welcome
1	0	0	1	0	0	26294510	0	0	26294510	0	0	/public_html/install/install/index.php
1	1	0	0	0	26319207	0	0	26319207	0	0	64	/.well-known/acme-challenge/0CQBE0YE1CZKI0TMEQ004NVB7M96B6W6
1	13	0	0	0	26338117	0	0	26309986	0	0	109772	/public/plugins/summernote/font/summernote.woff?dc97c88102d55aed645e5f227c58ba5b
1	0	0	2	0	0	26294426	0	0	26285401	0	0	/blog/install/install/install/install/install/install/install/install/index.php
1	0	0	1	0	0	26294446	0	0	26294446	0	0	/site/install/install/index.php
1	25	0	0	0	26338149	0	0	26309987	0	0	2461	/public/includes/one_ajax.php?type=tags_suggestions
1	37	0	0	0	26339563	0	0	26142544	0	0	60751	/public/plugins/cropper/cropper.min.css
1	2	0	0	0	26311392	0	0	26311392	0	0	17178	/public/assets/images/rape-in-india
1	23	0	14	0	26356260	26307859	0	26160338	26284992	0	123742	/wp-login.php
1	0	0	1	0	0	26342837	0	0	26342837	0	0	/post/update/testd
1	26	0	0	0	26339563	0	0	26310670	0	0	120978	/public/upl_files/6c3bfc5c9f.png
1	0	0	1	0	0	26295269	0	0	26295269	0	0	/cms/install/index.php
1	2	0	0	0	26309982	0	0	26142551	0	0	3998	/public/img/avatar.png
1	1	0	0	0	26341109	0	0	26341109	0	0	6256	/post/read/testd
1	1	0	0	0	26169241	0	0	26169241	0	0	4581	/wp-login.php?165.22.91.192
1	11	11	0	0	26358665	0	0	26339619	0	0	98883	/egovernment/
1	1	0	0	0	26310658	0	0	26310658	0	0	3118	/public/plugins/strongpass/StrongPass.js
1	0	0	2	0	0	26294426	0	0	26285401	0	0	/blog/install/index.php
1	7	0	0	0	26338108	0	0	26310675	0	0	52533	/public/css/bootstrap.css.map
1	112	0	113	0	26353970	26340944	0	26311399	26311399	0	11782827	/public/assets/images/cows-eating-garbage.jpg
1	0	0	1	0	0	26285216	0	0	26285216	0	0	/test/install/index.php
3	0	0	1	0	0	26285216	0	0	26285216	0	0	http://pleasezoom.in/test/install/index.php
3	0	0	1	0	0	26295229	0	0	26295229	0	0	http://www.pleasezoom.in//wp/install/install/install/install/install/install/index.php
3	0	0	1	0	0	26294510	0	0	26294510	0	0	http://www.pleasezoom.in//public_html/install/index.php
3	0	0	1	0	0	26285312	0	0	26285312	0	0	http://pleasezoom.in/2019/wp-login.php
3	0	0	1	0	0	26306300	0	0	26306300	0	0	http://www.pleasezoom.in/admin/install/install/index.php
3	28	1	1	0	26309991	26309991	0	26309990	26309991	0	22589	http://www.pleasezoom.in/admin/&section=topics&type=new&hash=5e1621a2877bb
3	0	0	1	0	0	26285312	0	0	26285312	0	0	http://pleasezoom.in/2019/install/install/install/install/install/index.php
3	0	0	1	0	0	26295249	0	0	26295249	0	0	http://www.pleasezoom.in//wordpress/wp-login.php
3	0	0	1	0	0	26285487	0	0	26285487	0	0	http://pleasezoom.in/wp/install/install/install/install/index.php
3	0	0	1	0	0	26294426	0	0	26294426	0	0	http://www.pleasezoom.in//blog/install/install/install/install/install/index.php
3	0	0	1	0	0	26294446	0	0	26294446	0	0	http://www.pleasezoom.in//site/wp-login.php
3	0	0	1	0	0	26294533	0	0	26294533	0	0	http://www.pleasezoom.in//2019/install/index.php
3	9	6	16	0	26338143	26344962	0	26284748	26284748	0	106002	http://pleasezoom.in/
3	58	0	52	0	26337284	26337284	0	26330162	26330162	0	7419846	http://www.pleasezoom.in/egovernment
3	0	0	1	0	0	26295229	0	0	26295229	0	0	http://www.pleasezoom.in//wp/install/index.php
3	15	1	0	0	26310646	0	0	26310072	0	0	148990	http://www.pleasezoom.in/test
3	0	0	1	0	0	26285570	0	0	26285570	0	0	http://pleasezoom.in/wordpress/install/install/index.php
3	0	0	1	0	0	26294446	0	0	26294446	0	0	http://www.pleasezoom.in//site/install/index.php
3	0	0	1	0	0	26295269	0	0	26295269	0	0	http://www.pleasezoom.in//cms/install/install/install/install/index.php
3	3	0	0	0	26348163	0	0	26348162	0	0	12437	http://pleasezoom.in/welcome/
3	0	0	1	0	0	26285216	0	0	26285216	0	0	http://pleasezoom.in/test/wp-login.php
3	0	0	1	0	0	26295249	0	0	26295249	0	0	http://www.pleasezoom.in//wordpress/install/install/install/install/install/install/install/install/index.php
3	4	4	0	0	26338051	0	0	26310649	0	0	27286	http://www.pleasezoom.in/index/?edit=fail&msg=Restricted access! You are not authorized to view this section
3	0	0	1	0	0	26285401	0	0	26285401	0	0	http://pleasezoom.in/blog/install/install/install/install/install/install/index.php
3	0	0	1	0	0	26285312	0	0	26285312	0	0	http://pleasezoom.in/2019/install/install/index.php
3	0	0	1	0	0	26306300	0	0	26306300	0	0	http://www.pleasezoom.in/admin/install/install/install/index.php
3	0	0	1	0	0	26285216	0	0	26285216	0	0	http://pleasezoom.in/test/install/install/install/install/install/install/index.php
3	7418	0	0	0	26311321	0	0	26310009	0	0	555258	http://www.pleasezoom.in/admin/?section=pages&edit=success&msg=Data updated successfully
3	0	0	1	0	0	26285487	0	0	26285487	0	0	http://pleasezoom.in/wp/install/install/install/index.php
3	6	0	1	0	26310651	26310651	0	26310651	26310651	0	9779	http://www.pleasezoom.in/post/create/&edit=fail&msg=Unable to save data, please try again
3	0	0	1	0	0	26294510	0	0	26294510	0	0	http://www.pleasezoom.in//public_html/install/install/install/install/install/install/install/install/index.php
3	1	0	0	0	26330162	0	0	26330162	0	0	82711	http://www.pleasezoom.in/egoverment
3	7	1	0	0	26310670	0	0	26310670	0	0	12428	http://www.pleasezoom.in/users/view/1/?section=edit&edit=success&msg=Data updated successfully
3	0	0	1	0	0	26294426	0	0	26294426	0	0	http://www.pleasezoom.in//blog/install/install/install/install/install/install/index.php
3	0	0	1	0	0	26294533	0	0	26294533	0	0	http://www.pleasezoom.in//2019/install/install/index.php
3	40	3	1	0	26310674	26310673	0	26310672	26310673	0	29784	http://www.pleasezoom.in/post/read/bhb/?edit=success&msg=Your answer was submitted! Thanks for contributing in such interesting discussion
3	1	0	0	0	26310062	0	0	26310062	0	0	82711	http://www.pleasezoom.in/page/e-goverment
3	8	0	1	0	26310675	26310675	0	26310674	26310675	0	7676	http://www.pleasezoom.in/post/read/bhb
3	0	0	1	0	0	26295269	0	0	26295269	0	0	http://www.pleasezoom.in//cms/install/install/install/install/install/install/install/index.php
3	0	0	1	0	0	26294446	0	0	26294446	0	0	http://www.pleasezoom.in//site/install/install/install/install/index.php
3	0	0	1	0	0	26285570	0	0	26285570	0	0	http://pleasezoom.in/wordpress/install/install/install/install/install/index.php
3	0	0	1	0	0	26295249	0	0	26295249	0	0	http://www.pleasezoom.in//wordpress/install/install/install/install/install/install/install/index.php
3	15	0	0	0	26329577	0	0	26329577	0	0	177084	http://pleasezoom.in/e-goverment
3	0	0	1	0	0	26295229	0	0	26295229	0	0	http://www.pleasezoom.in//wp/install/install/install/install/install/install/install/install/index.php
3	0	0	1	0	0	26294510	0	0	26294510	0	0	http://www.pleasezoom.in//public_html/install/install/install/index.php
3	0	0	1	0	0	26285312	0	0	26285312	0	0	http://pleasezoom.in/2019/install/install/install/index.php
3	0	0	1	0	0	26285401	0	0	26285401	0	0	http://pleasezoom.in/blog/install/install/install/install/install/install/install/index.php
3	0	0	1	0	0	26285216	0	0	26285216	0	0	http://pleasezoom.in/test/install/install/install/install/install/install/install/index.php
3	0	0	1	0	0	26294426	0	0	26294426	0	0	http://www.pleasezoom.in//blog/install/install/install/index.php
3	25	0	1	0	26310652	26310652	0	26310652	26310652	0	9381	http://www.pleasezoom.in/post/read/test/?edit=success&msg=Your answer was submitted! Thanks for contributing in such interesting discussion
3	9	1	1	0	26310672	26310672	0	26310671	26310672	0	10583	http://www.pleasezoom.in/post/read/bhb&edit=success&msg=Data created successfully
3	588	0	520	0	26339578	26335918	0	26329700	26329844	0	74494368	http://pleasezoom.in/egovernment
3	0	0	1	0	0	26306300	0	0	26306300	0	0	http://www.pleasezoom.in/admin/install/install/install/install/install/install/install/install/index.php
3	4	0	0	0	26338051	0	0	26142543	0	0	2521764	http://www.pleasezoom.in/public/css/cover.css?v=1.01
3	0	0	1	0	0	26285487	0	0	26285487	0	0	http://pleasezoom.in/wp/install/install/install/install/install/install/index.php
3	0	0	1	0	0	26295249	0	0	26295249	0	0	http://www.pleasezoom.in//wordpress/install/install/index.php
3	1789	6	2	0	26338108	26142997	0	26142601	26142605	0	199448	http://www.pleasezoom.in/admin/?section=general&edit=success&msg=Data updated successfully
3	0	0	1	0	0	26295229	0	0	26295229	0	0	http://www.pleasezoom.in//wp/install/install/install/index.php
3	0	0	1	0	0	26295269	0	0	26295269	0	0	http://www.pleasezoom.in//cms/install/install/install/install/install/install/index.php
3	0	0	1	0	0	26285570	0	0	26285570	0	0	http://pleasezoom.in/wordpress/install/install/install/install/index.php
3	0	0	1	0	0	26294446	0	0	26294446	0	0	http://www.pleasezoom.in//site/install/install/install/index.php
3	11	0	0	0	26338117	0	0	26309986	0	0	92884	http://www.pleasezoom.in/public/plugins/summernote/summernote.css
3	0	0	1	0	0	26294533	0	0	26294533	0	0	http://www.pleasezoom.in//2019/install/install/install/install/install/install/install/index.php
3	0	0	1	0	0	26285487	0	0	26285487	0	0	http://pleasezoom.in/wp/wp-login.php
3	0	0	1	0	0	26285401	0	0	26285401	0	0	http://pleasezoom.in/blog/install/install/install/install/index.php
3	0	0	1	0	0	26306300	0	0	26306300	0	0	http://www.pleasezoom.in/admin/install/index.php
3	0	0	1	0	0	26294510	0	0	26294510	0	0	http://www.pleasezoom.in//public_html/install/install/index.php
3	0	0	1	0	0	26285216	0	0	26285216	0	0	http://pleasezoom.in/test/install/install/install/install/index.php
3	6	0	1	0	26299541	26307371	0	26286742	26307371	0	13056	http://pleasezoom.in/install/index.php
3	1	0	0	0	26339568	0	0	26339568	0	0	82711	http://pleasezoom.in/index.html
3	76	0	13	0	26332444	26329505	0	26329411	26329505	0	2319253	http://pleasezoom.in/test
3	0	0	1	0	0	26294426	0	0	26294426	0	0	http://www.pleasezoom.in//blog/install/install/install/install/index.php
3	0	0	1	0	0	26285487	0	0	26285487	0	0	http://pleasezoom.in/wp/install/install/install/install/install/index.php
3	3	0	1	0	26353226	26295757	0	26349824	26295757	0	12457	http://www.google.com.hk/
3	0	0	1	0	0	26285312	0	0	26285312	0	0	http://pleasezoom.in/2019/install/install/install/install/install/install/install/install/index.php
3	0	0	1	0	0	26295269	0	0	26295269	0	0	http://www.pleasezoom.in//cms/install/index.php
3	0	0	1	0	0	26295249	0	0	26295249	0	0	http://www.pleasezoom.in//wordpress/install/index.php
3	155	4	7	1	26338117	26338115	26338115	26309987	26310650	26338115	420047	http://www.pleasezoom.in/post/create/
3	19	1	0	0	26327501	0	0	26310684	0	0	33669	http://www.pleasezoom.in/page/contact_us
3	95	4	0	0	26310679	0	0	26310009	0	0	43507	http://www.pleasezoom.in/page/terms
3	0	0	1	0	0	26295229	0	0	26295229	0	0	http://www.pleasezoom.in//wp/install/install/index.php
3	0	0	1	0	0	26294533	0	0	26294533	0	0	http://www.pleasezoom.in//2019/install/install/install/install/install/install/install/install/index.php
3	0	0	1	0	0	26285570	0	0	26285570	0	0	http://pleasezoom.in/wordpress/wp-login.php
3	1	0	0	0	26307782	0	0	26307782	0	0	2177	http://www.pleasezoom.in//
3	0	0	1	0	0	26294446	0	0	26294446	0	0	http://www.pleasezoom.in//site/install/install/install/install/install/install/index.php
3	0	0	1	0	0	26285570	0	0	26285570	0	0	http://pleasezoom.in/wordpress/install/install/install/install/install/install/install/index.php
3	0	0	1	0	0	26285312	0	0	26285312	0	0	http://pleasezoom.in/2019/install/index.php
3	0	0	1	0	0	26285401	0	0	26285401	0	0	http://pleasezoom.in/blog/install/install/install/install/install/index.php
3	0	0	1	0	0	26287588	0	0	26287588	0	0	http://pleasezoom.in/index.php
3	0	0	1	0	0	26285216	0	0	26285216	0	0	http://pleasezoom.in/test/install/install/install/install/install/index.php
3	6	1	0	0	26310671	0	0	26310671	0	0	7410	http://www.pleasezoom.in/index/?feed=Animal Husbandry & Fishing
3	1	0	0	0	26329392	0	0	26329392	0	0	52784	http://www.pleasezoom.in/page/about_us
3	0	0	1	0	0	26294426	0	0	26294426	0	0	http://www.pleasezoom.in//blog/install/index.php
3	0	0	1	0	0	26294510	0	0	26294510	0	0	http://www.pleasezoom.in//public_html/install/install/install/install/install/index.php
3	0	0	1	0	0	26307782	0	0	26307782	0	0	http://pleasezoom.in//
3	0	0	1	0	0	26306300	0	0	26306300	0	0	http://www.pleasezoom.in/admin/install/install/install/install/install/install/index.php
3	15	0	0	0	26338161	0	0	26142551	0	0	18615	http://www.pleasezoom.in/public/css/custom.css?v=1.01
3	0	0	1	0	0	26285487	0	0	26285487	0	0	http://pleasezoom.in/wp/install/install/install/install/install/install/install/install/index.php
3	0	0	1	0	0	26294533	0	0	26294533	0	0	http://www.pleasezoom.in//2019/install/install/install/install/install/index.php
3	0	0	1	0	0	26295249	0	0	26295249	0	0	http://www.pleasezoom.in//wordpress/install/install/install/install/index.php
3	0	0	1	0	0	26294426	0	0	26294426	0	0	http://www.pleasezoom.in//blog/wp-login.php
3	271	1	1	0	26310670	26310670	0	26310658	26310670	0	30202	http://www.pleasezoom.in/users/view/1/?section=edit&hash=5e16bf7e8d1c6
3	6	0	0	0	26299921	0	0	26286805	0	0	13059	http://www.pleasezoom.in/wp-login.php
3	0	0	1	0	0	26285401	0	0	26285401	0	0	http://pleasezoom.in/blog/install/install/index.php
3	0	0	1	0	0	26295229	0	0	26295229	0	0	http://www.pleasezoom.in//wp/install/install/install/install/install/index.php
3	282	15	16	0	26339568	26344963	0	26299074	26307371	0	3710896	http://www.pleasezoom.in/
3	0	0	1	0	0	26294446	0	0	26294446	0	0	http://www.pleasezoom.in//site/install/install/install/install/install/index.php
3	0	0	1	0	0	26285570	0	0	26285570	0	0	http://pleasezoom.in/wordpress/install/install/install/install/install/install/index.php
3	4	0	4	0	26142543	26142543	0	26142543	26142543	0	34881	http://www.pleasezoom.in//login/
3	0	0	1	0	0	26295269	0	0	26295269	0	0	http://www.pleasezoom.in//cms/install/install/install/install/install/install/install/install/index.php
3	265	2	0	0	26310005	0	0	26309991	0	0	34308	http://www.pleasezoom.in/admin/?section=topics&edit=success&msg=Data created successfully
3	0	0	1	0	0	26285216	0	0	26285216	0	0	http://pleasezoom.in/test/install/install/index.php
3	0	0	6	0	0	26308899	0	0	26286719	0	0	http://mail.pleasezoom.in/wp-login.php
3	0	0	1	0	0	26294510	0	0	26294510	0	0	http://www.pleasezoom.in//public_html/install/install/install/install/index.php
3	0	0	1	0	0	26294426	0	0	26294426	0	0	http://www.pleasezoom.in//blog/install/install/index.php
3	9	2	0	0	26310675	0	0	26310653	0	0	15144	http://www.pleasezoom.in/post/create/&edit=success&msg=Data deleted successfully
3	0	0	1	0	0	26285312	0	0	26285312	0	0	http://pleasezoom.in/2019/install/install/install/install/install/install/index.php
3	0	0	1	0	0	26306300	0	0	26306300	0	0	http://www.pleasezoom.in/admin/install/install/install/install/install/install/install/index.php
3	0	0	5	0	0	26299541	0	0	26286742	0	0	http://pleasezoom.in/wp-login.php
3	2	2	0	1	26338115	0	26338108	26338115	0	26338108	12372	http://www.pleasezoom.in/index/?feed=Animal Husbandry & Fishing/
3	9	0	0	3	26283231	0	26283232	26283231	0	26283232	55096	http://www.pleasezoom.in/install/
3	0	0	1	0	0	26285487	0	0	26285487	0	0	http://pleasezoom.in/wp/install/install/install/install/install/install/install/index.php
3	0	0	1	0	0	26285570	0	0	26285570	0	0	http://pleasezoom.in/wordpress/install/index.php
3	0	0	1	0	0	26295269	0	0	26295269	0	0	http://www.pleasezoom.in//cms/install/install/install/index.php
3	0	0	1	0	0	26295249	0	0	26295249	0	0	http://www.pleasezoom.in//wordpress/install/install/install/index.php
3	21	0	18	0	26341062	26341061	0	26341034	26341034	0	4662376	http://pleasezoom.in/egovernment/
3	0	0	1	0	0	26294533	0	0	26294533	0	0	http://www.pleasezoom.in//2019/install/install/install/install/install/install/index.php
3	0	0	1	0	0	26285401	0	0	26285401	0	0	http://pleasezoom.in/blog/wp-login.php
3	0	0	1	0	0	26295229	0	0	26295229	0	0	http://www.pleasezoom.in//wp/install/install/install/install/index.php
3	0	0	1	0	0	26285401	0	0	26285401	0	0	http://pleasezoom.in/blog/install/install/install/index.php
3	0	0	1	0	0	26285216	0	0	26285216	0	0	http://pleasezoom.in/test/install/install/install/index.php
3	450	5	1	0	26338074	26310651	0	26310651	26310651	0	1105805	http://www.pleasezoom.in/post/read/test&edit=success&msg=Data created successfully
3	0	0	1	0	0	26294447	0	0	26294447	0	0	http://www.pleasezoom.in//site/install/install/install/install/install/install/install/install/index.php
3	0	0	1	0	0	26306300	0	0	26306300	0	0	http://www.pleasezoom.in/admin/install/install/install/install/index.php
3	0	0	1	0	0	26285487	0	0	26285487	0	0	http://pleasezoom.in/wp/install/install/index.php
3	0	0	1	0	0	26294510	0	0	26294510	0	0	http://www.pleasezoom.in//public_html/install/install/install/install/install/install/install/index.php
3	27	5	10	0	26347384	26338051	0	26142550	26142551	0	193680	http://www.pleasezoom.in/login/
3	0	0	1	0	0	26285312	0	0	26285312	0	0	http://pleasezoom.in/2019/install/install/install/install/install/install/install/index.php
3	337	4	0	0	26338161	0	0	26338082	0	0	1657166	http://www.pleasezoom.in/post/read/test
3	57	2	0	0	26310687	0	0	26310685	0	0	19606	http://www.pleasezoom.in/index/?feed=General
3	0	0	1	0	0	26295269	0	0	26295269	0	0	http://www.pleasezoom.in//cms/install/install/index.php
3	0	0	1	0	0	26294533	0	0	26294533	0	0	http://www.pleasezoom.in//2019/install/install/install/index.php
3	0	0	1	0	0	26294426	0	0	26294426	0	0	http://www.pleasezoom.in//blog/install/install/install/install/install/install/install/index.php
3	1	0	0	0	26310685	0	0	26310685	0	0	5962	http://www.pleasezoom.in//rss/feed/General
3	72	5	4	6	26309979	26309977	26309951	26142530	26142530	26283217	890241	http://www.pleasezoom.in/install/index.php
3	0	0	1	0	0	26295269	0	0	26295269	0	0	http://www.pleasezoom.in//cms/wp-login.php
3	0	0	3	0	0	26340356	0	0	26340356	0	0	http://baidu.com/
3	0	0	1	0	0	26295249	0	0	26295249	0	0	http://www.pleasezoom.in//wordpress/install/install/install/install/install/install/index.php
3	100	2	0	0	26310686	0	0	26310675	0	0	32031	http://www.pleasezoom.in/index/?feed=Chemicals & Fertilizers
3	0	0	1	0	0	26295229	0	0	26295229	0	0	http://www.pleasezoom.in//wp/wp-login.php
3	7567	22	3	5	26338338	26310649	26338108	26142544	26310055	26338108	1347692	http://www.pleasezoom.in/index/
3	0	0	1	0	0	26294533	0	0	26294533	0	0	http://www.pleasezoom.in//2019/wp-login.php
3	0	0	1	0	0	26295229	0	0	26295229	0	0	http://www.pleasezoom.in//wp/install/install/install/install/install/install/install/index.php
3	0	0	0	1	0	0	26283228	0	0	26283228	0	http://pleasezoom.in/install
3	0	0	1	0	0	26294446	0	0	26294446	0	0	http://www.pleasezoom.in//site/install/install/install/install/install/install/install/index.php
3	0	0	1	0	0	26285570	0	0	26285570	0	0	http://pleasezoom.in/wordpress/install/install/install/install/install/install/install/install/index.php
3	0	0	1	0	0	26299074	0	0	26299074	0	0	http://pleasezoom.in/ads.txt
3	1307	8	5	0	26338092	26338092	0	26142551	26142600	0	344191	http://www.pleasezoom.in/admin/
3	0	0	1	0	0	26285487	0	0	26285487	0	0	http://pleasezoom.in/wp/install/index.php
3	0	0	1	0	0	26285312	0	0	26285312	0	0	http://pleasezoom.in/2019/install/install/install/install/index.php
3	0	0	1	0	0	26285401	0	0	26285401	0	0	http://pleasezoom.in/blog/install/install/install/install/install/install/install/install/index.php
3	0	0	1	0	0	26294510	0	0	26294510	0	0	http://www.pleasezoom.in//public_html/wp-login.php
3	0	0	1	0	0	26306300	0	0	26306300	0	0	http://www.pleasezoom.in/admin/install/install/install/install/install/index.php
3	0	0	1	0	0	26294510	0	0	26294510	0	0	http://www.pleasezoom.in//public_html/install/install/install/install/install/install/index.php
3	0	0	1	0	0	26285216	0	0	26285216	0	0	http://pleasezoom.in/test/install/install/install/install/install/install/install/install/index.php
3	0	0	1	0	0	26294426	0	0	26294426	0	0	http://www.pleasezoom.in//blog/install/install/install/install/install/install/install/install/index.php
3	0	0	1	0	0	26294533	0	0	26294533	0	0	http://www.pleasezoom.in//2019/install/install/install/install/index.php
3	1	0	0	0	26310055	0	0	26310055	0	0	4172	http://www.pleasezoom.in/login/?logout=true
3	0	0	1	0	0	26295269	0	0	26295269	0	0	http://www.pleasezoom.in//cms/install/install/install/install/install/index.php
3	0	0	1	0	0	26285570	0	0	26285570	0	0	http://pleasezoom.in/wordpress/install/install/install/index.php
3	0	0	1	0	0	26294446	0	0	26294446	0	0	http://www.pleasezoom.in//site/install/install/index.php
3	0	0	1	0	0	26285401	0	0	26285401	0	0	http://pleasezoom.in/blog/install/index.php
3	0	0	1	0	0	26295249	0	0	26295249	0	0	http://www.pleasezoom.in//wordpress/install/install/install/install/install/index.php
4	2	0	4	0	26340355	26340355	0	26340355	26340355	0	192086	Mozilla/5.0 (Windows NT 10.0; Win64; x64) AppleWebKit/537.36 (KHTML, like Gecko) Chrome/78.0.3904.87 Safari/537.36
4	49	0	26	0	26332451	26332451	0	26310675	26332415	0	3738253	Mozilla/5.0 (Linux; Android 6.0; Nexus 5 Build/MRA58N) AppleWebKit/537.36 (KHTML, like Gecko) Chrome/79.0.3945.88 Mobile Safari/537.36
4	1	0	0	0	26142549	0	0	26142549	0	0	7927	Mozilla/5.0 (Linux; Android 8.0.0; Moto Z2 Play) AppleWebKit/537.36 (KHTML, like Gecko) Chrome/77.0.3865.73 Mobile Safari/537.36
4	0	0	2	0	0	26359393	0	0	26356652	0	0	Mozilla/5.0 (Linux; Android 6.0.1; Nexus 5X Build/MMB29P) AppleWebKit/537.36 (KHTML, like Gecko) Chrome/41.0.2272.96 Mobile Safari/537.36 (compatible; Googlebot/2.1; +http://www.google.com/bot.html)
4	15331	96	600	2	26333982	26333982	26309982	26309948	26309948	26309951	81021032	Mozilla/5.0 (Windows NT 10.0; Win64; x64) AppleWebKit/537.36 (KHTML, like Gecko) Chrome/79.0.3945.88 Safari/537.36
4	6	0	8	0	26311949	26307860	0	26283828	26283827	0	49552	Mozilla/5.0 (Windows NT 10.0; WOW64) AppleWebKit/537.36 (KHTML, like Gecko) Chrome/46.0.2490.80 Safari/537.36
4	2	1	1	0	26327337	26327337	0	26327337	26327337	0	29704	Mozilla/5.0 (Windows NT 5.1) AppleWebKit/537.36 (KHTML, like Gecko) Chrome/49.0.2623.112 Safari/537.36
4	23	0	0	0	26319217	0	0	26319217	0	0	2001	Mozilla/5.0 (compatible; Let's Encrypt validation server; +https://www.letsencrypt.org)
4	13	0	13	0	26332570	26332570	0	26332570	26332570	0	1848705	Mozilla/5.0 (Windows NT 10.0; Win64; x64; rv:72.0) Gecko/20100101 Firefox/72.0
4	13	0	1	0	26353906	26353906	0	26353906	26353906	0	73547	Mozilla/5.0 (Macintosh; Intel Mac OS X 10_13_6) AppleWebKit/537.36 (KHTML, like Gecko) Chrome/79.0.3945.130 Safari/537.36
4	35	3	1	0	26319218	26319218	0	26144943	26319218	0	172407	Mozilla/5.0 (Windows NT 10.0; Win64; x64; rv:57.0) Gecko/20100101 Firefox/57.0
4	3	1	2	0	26331976	26299466	0	26299466	26299466	0	20055	Mozilla/5.0 (Macintosh; Intel Mac OS X 10.10; rv:59.0) Gecko/20100101 Firefox/59.0
4	39	1	8	40	26283237	26283234	26283237	26283204	26283204	26283217	342310	Mozilla/5.0 (Windows NT 10.0; Win64; x64) AppleWebKit/537.36 (KHTML, like Gecko) Chrome/79.0.3945.79 Safari/537.36
4	22	0	0	10	26344585	0	26340035	26343137	0	26339293	280166	curl/7.47.0
4	0	0	2	0	0	26356712	0	0	26356712	0	0	Opera/9.80 (Windows NT 10.0; WOW64); U) Presto/2.12.388 Version/12.16
4	3	0	1	0	26353226	26295757	0	26349824	26295757	0	12457	Mozilla/5.0 (Windows NT 6.1; WOW64) AppleWebKit/537.36 (KHTML, like Gecko) Chrome/42.0.2311.90 Safari/537.36
4	2	0	3	0	26299074	26299074	0	26299074	26299074	0	4354	Mozilla/5.0 (Windows NT 10.0; Win64; x64; rv:71.0) Gecko/20100101 Firefox/71.0
4	4	4	4	0	26143812	26143812	0	26143812	26143812	0	70460	Mozilla/5.0 (Macintosh; Intel Mac OS X 10_9_3) AppleWebKit/537.36 (KHTML, like Gecko) Chrome/35.0.1916.47 Safari/537.36
4	0	0	5	0	0	26359592	0	0	26343127	0	0	Mozilla/5.0 (compatible; Nimbostratus-Bot/v1.3.2; http://cloudsystemnetworks.com)
4	28	0	14	0	26359392	26357958	0	26344719	26344719	0	103819	Mozilla/5.0 (compatible; Googlebot/2.1; +http://www.google.com/bot.html)
4	13	0	1	0	26353970	26353970	0	26353969	26353970	0	73508	Mozilla/5.0 (Windows NT 6.1; Win64; x64) AppleWebKit/537.36 (KHTML, like Gecko) Chrome/80.0.3987.87 Safari/537.36
4	13	0	13	0	26336931	26336931	0	26336931	26336931	0	1848705	Mozilla/5.0 (Windows NT 10.0; rv:72.0) Gecko/20100101 Firefox/72.0
4	2885	17	24	0	26146729	26146729	0	26142530	26142530	0	1973090	Mozilla/5.0 (Windows NT 10.0; Win64; x64) AppleWebKit/537.36 (KHTML, like Gecko) Chrome/76.0.3809.132 Safari/537.36
4	43	0	48	0	26356817	26356817	0	26335917	26335917	0	7917406	Mozilla/5.0 (Linux; Android 8.0.0; Moto Z2 Play) AppleWebKit/537.36 (KHTML, like Gecko) Chrome/79.0.3945.136 Mobile Safari/537.36
4	126	22	24	0	26359742	26359742	0	26142619	26142619	0	619088	AddThis.com (http://support.addthis.com/)
4	4	4	9	0	26320723	26320736	0	26142636	26142685	0	68788	Mozilla/5.0 (X11; Ubuntu; Linux x86_64; rv:58.0) Gecko/20100101 Firefox/58.0
4	0	0	3	0	0	26287588	0	0	26286984	0	0	Go-http-client/1.1
4	1	0	2	0	26289937	26289937	0	26289937	26289937	0	2176	Mozilla/5.0 (Macintosh; Intel Mac OS X 10_8_3) AppleWebKit/537.31 (KHTML, like Gecko) Chrome/26.0.1410.65 Safari/537.31
4	92	27	26	0	26359346	26358665	0	26143068	26143068	0	519569	Mozilla/5.0 (compatible; GrapeshotCrawler/2.0; +http://www.grapeshot.co.uk/crawler.php)
4	3738	56	731	29	26359744	26359696	26348162	26329704	26329704	26338108	134226811	Mozilla/5.0 (Windows NT 10.0; Win64; x64) AppleWebKit/537.36 (KHTML, like Gecko) Chrome/79.0.3945.130 Safari/537.36
4	13	0	1	0	26342178	26342178	0	26342178	26342178	0	73501	Mozilla/5.0 (X11; Linux x86_64) AppleWebKit/537.36 (KHTML, like Gecko) Chrome/78.0.3904.108 Safari/537.36
4	0	0	6	0	0	26164596	0	0	26160279	0	0	CheckMarkNetwork/1.0 (+http://www.checkmarknetwork.com/spider.html)
4	9	0	9	0	26357222	26357222	0	26350132	26350132	0	2803189	Googlebot-Image/1.0
4	13	0	1	0	26346978	26346978	0	26346978	26346978	0	73539	Mozilla/5.0 (Windows NT 10.0; Win64; x64) AppleWebKit/537.36 (KHTML, like Gecko) Chrome/70.0.3538.102 Safari/537.36 Edge/18.18363
4	0	0	4	0	0	26340356	0	0	26340355	0	0	Mozilla/5.0 (Linux; Android 6.0; Nexus 5 Build/MRA58N) AppleWebKit/537.36 (KHTML, like Gecko) Chrome/75.0.3770.142 Mobile Safari/537.36
4	39	0	33	0	26340356	26340356	0	26340356	26340356	0	5546115	Mozilla/5.0 (Linux; U; Android 8.1.0; zh-CN; EML-AL00 Build/HUAWEIEML-AL00) AppleWebKit/537.36 (KHTML, like Gecko) Version/4.0 Chrome/57.0.2987.108 baidu.sogo.uc.UCBrowser/11.9.4.974 UWS/2.13.1.48 Mobile Safari/537.36 AliApp(DingTalk/4.5.11) com.alibaba.android.rimet/10487439 Channel/227200 language/zh-CN
4	0	0	1	0	0	26319220	0	0	26319220	0	0	python-requests/2.22.0
4	2	1	1	0	26327501	26327501	0	26327501	26327501	0	29704	Mozilla/5.0 (Windows NT 10.0; Win64; x64) AppleWebKit/537.36 (KHTML, like Gecko) Chrome/66.0.3359.181 Safari/537.36
4	1	1	0	0	26329391	0	0	26329391	0	0	1128	FeedValidator/1.3
4	5	3	6	0	26145261	26147954	0	26145240	26145240	0	25635	Mozilla/5.0 (Windows NT 10.0; Win64; x64) AppleWebKit/537.36 (KHTML, like Gecko) Chrome/76.0.3809.100 Safari/537.36
4	16	1	1	0	26334552	26334552	0	26334552	26334552	0	75619	Mozilla/5.0 (X11; Linux x86_64) AppleWebKit/537.36 (KHTML, like Gecko) Chrome/38.0.2125.101 Safari/537.36
4	0	0	2	0	0	26165958	0	0	26165958	0	0	Mozilla/5.0 (Windows NT 6.1; WOW64; rv:48.0) Gecko/20100101 Firefox/48.0
4	3	0	6	0	26301008	26301008	0	26285870	26285870	0	6527	Mozilla/5.0 (Windows NT 10.0; Win64; x64) AppleWebKit/537.36 (KHTML, like Gecko; compatible; BuiltWith/1.0; +http://builtwith.com/biup) Chrome/74.0.3729.131 Safari/537.36
4	2	2	14	0	26330821	26359661	0	26142952	26144393	0	33601	Mozilla/5.0 (Windows NT 6.1; WOW64; Trident/7.0; rv:11.0) like Gecko
4	1	1	0	0	26338807	0	0	26338807	0	0	19003	Mozilla/5.0 (Linux; Android 5.1.1; SM-G925F Build/LMY47X) AppleWebKit/537.36 (KHTML, like Gecko) Chrome/45.0.2454.94 Mobile Safari/537.36
4	13	0	13	0	26335596	26335596	0	26335596	26335596	0	1848705	Mozilla/5.0 (Windows NT 6.1; WOW64) AppleWebKit/537.36 (KHTML, like Gecko) Chrome/79.0.3945.130 Safari/537.36
4	1	0	3	0	26307371	26307371	0	26307371	26307371	0	5901	Mozilla/5.0 (Windows NT 10.0; Win64; x64) AppleWebKit/537.36 (KHTML, like Gecko) Chrome/64.0.3282.140 Safari/537.36 Edge/17.17134
4	521	0	602	0	26332561	26332561	0	26311418	26311418	0	67926168	Mozilla/5.0 (X11; Linux x86_64) AppleWebKit/537.36 (KHTML, like Gecko) HeadlessChrome/79.0.3945.0 Safari/537.36
4	21	0	23	0	26356260	26356260	0	26356260	26294979	0	267685	Mozilla/5.0 (compatible; MSIE 9.0; Windows NT 6.1; Trident/5.0)
4	5	1	2	0	26328953	26285017	0	26285017	26285017	0	19578	Mozilla/5.0 (compatible; ips-agent)
4	26	0	14	0	26347148	26347148	0	26338372	26338372	0	1922258	Mozilla/5.0 (Windows NT 10.0; WOW64) AppleWebKit/537.36 (KHTML, like Gecko) Chrome/79.0.3945.130 Safari/537.36
4	0	0	1	0	0	26319218	0	0	26319218	0	0	python-requests/2.21.0
4	13	0	1	0	26348159	26348159	0	26348159	26348159	0	73513	Mozilla/5.0 (Windows NT 6.3; Win64; x64) AppleWebKit/537.36 (KHTML, like Gecko) Chrome/79.0.3945.130 Safari/537.36
4	9	0	10	0	26334476	26334476	0	26334476	26334476	0	1092228	Mozilla/5.0 (Macintosh; Intel Mac OS X 10_12_6) AppleWebKit/537.36 (KHTML, like Gecko) Chrome/79.0.3945.88 Safari/537.36
4	19	3	1	0	26336731	26336731	0	26336731	26336731	0	93356	Mozilla/5.0 (Windows; U; MSIE 6.0; Windows NT 5.1; SV1; .NET CLR 2.0.50727)
4	1	1	1	0	26338143	26338143	0	26338143	26338143	0	5236	Mozilla/5.0 (X11; Linux x86_64) AppleWebKit/537.36 (KHTML, like Gecko) Chrome/76.0.3809.132 Safari/537.36
4	21	2	1	0	26330953	26330952	0	26330952	26330952	0	129797	Mozilla/5.0 (Windows NT 10.0; Win64; x64) AppleWebKit/537.36 (KHTML, like Gecko) Chrome/79.0.3945.117 Safari/537.36
4	108	1	40	17	26332332	26332331	26329692	26318089	26318089	26329488	7009601	Mozilla/5.0 (Linux; Android 8.0.0; Moto Z2 Play) AppleWebKit/537.36 (KHTML, like Gecko) Chrome/79.0.3945.116 Mobile Safari/537.36
4	37	0	161	0	26355671	26308899	0	26160273	26285216	0	133512	Mozilla/5.0 (X11; Ubuntu; Linux x86_64; rv:62.0) Gecko/20100101 Firefox/62.0
4	34	14	14	0	26333444	26344963	0	26284748	26284748	0	603051	Mozilla/5.0 (Windows; U; Windows NT 5.1; en-US; rv:1.9.2.8) Gecko/20100721 Firefox/3.6.8
4	12	0	0	0	26319207	0	0	26142494	0	0	768	Cpanel-HTTP-Client/1.0
4	13	0	1	0	26347113	26347113	0	26347113	26347113	0	73518	Mozilla/5.0 (X11; Linux x86_64) AppleWebKit/537.36 (KHTML, like Gecko) Chrome/79.0.3945.130 Safari/537.36
4	53	11	18	0	26359658	26359658	0	26338807	26359653	0	3753376	Mozilla/5.0 (compatible; Dataprovider.com)
5	9	1	2	0	26350705	26313078	0	26310027	26310027	0	40387	148.64.56.125
5	0	0	1	0	0	26359653	0	0	26359653	0	0	142.4.218.236
5	1	0	0	0	26145317	0	0	26145317	0	0	4634	148.64.56.124
5	3	3	0	0	26341407	0	0	26339619	0	0	22997	148.64.56.123
5	0	0	1	0	0	26342837	0	0	26342837	0	0	148.64.56.122
5	1	0	1	0	26148036	26148036	0	26148036	26148036	0	4579	8.37.70.104
5	3	0	0	0	26359346	0	0	26145392	0	0	19777	148.64.56.120
5	4	2	4	0	26341022	26339619	0	26311132	26143083	0	21934	148.64.56.119
5	2	0	1	0	26332183	26348527	0	26146565	26348527	0	10810	148.64.56.118
5	1	0	3	0	26339636	26358665	0	26339636	26310715	0	8821	148.64.56.117
5	2	0	0	0	26347124	0	0	26343279	0	0	8308	198.100.146.94
5	1	1	2	0	26143091	26340600	0	26143091	26340600	0	5307	148.64.56.116
5	4	1	0	0	26328953	0	0	26328953	0	0	17401	69.58.178.59
5	3	1	0	0	26343083	0	0	26146541	0	0	18791	148.64.56.115
5	2	1	1	0	26344283	26143115	0	26344283	26143115	0	12923	148.64.56.114
5	1	0	2	0	26285017	26285017	0	26285017	26285017	0	2177	69.58.178.57
5	4	0	0	0	26351516	0	0	26311563	0	0	17921	148.64.56.113
5	1	0	1	0	26298872	26298872	0	26298872	26298872	0	2177	198.245.50.208
5	1	0	0	0	26345896	0	0	26345896	0	0	4148	51.15.189.102
5	1	0	0	0	26343847	0	0	26343847	0	0	12733	35.180.156.200
5	13	0	1	0	26347148	26347148	0	26347148	26347148	0	73553	123.231.124.236
5	174	43	100	4	26359744	26359661	26339578	26142530	26142530	26283228	3226314	148.64.5.244
5	0	0	10	0	0	26295229	0	0	26295229	0	0	157.245.167.35
5	21	2	1	0	26330953	26330952	0	26330952	26330952	0	129797	139.5.242.103
5	1	0	0	0	26355234	0	0	26355234	0	0	4158	149.129.74.9
5	0	0	2	0	0	26297372	0	0	26297372	0	0	212.83.162.129
5	13	0	13	0	26329704	26329704	0	26329704	26329704	0	1848705	110.93.230.161
5	1	0	0	0	26344053	0	0	26344053	0	0	12733	13.48.193.67
5	1	0	1	0	26294372	26294372	0	26294372	26294372	0	2176	157.230.238.19
5	705	0	0	0	26310962	0	0	26310931	0	0	52169	148.64.4.112
5	0	0	2	0	0	26165958	0	0	26165958	0	0	34.210.63.73
5	231	0	195	0	26332557	26332557	0	26332217	26332217	0	27933092	148.64.4.106
5	0	0	0	1	0	0	26339595	0	0	26339595	0	54.184.114.148
5	0	0	2	0	0	26356712	0	0	26356712	0	0	42.114.148.195
5	1	0	0	0	26343907	0	0	26343907	0	0	12733	3.122.243.160
5	30	5	1	0	26329411	26329391	0	26329391	26329391	0	867294	148.64.4.103
5	17	1	1	0	26319218	26319218	0	26319218	26319218	0	83546	35.230.49.100
5	6	2	1	0	26310471	26310471	0	26310471	26310471	0	113985	83.71.247.38
5	6	3	1	0	26333444	26333443	0	26333443	26333443	0	118746	83.71.247.37
5	1	0	0	0	26316506	0	0	26316506	0	0	4174	167.99.74.119
5	2	1	0	0	26145398	0	0	26145398	0	0	10233	8.37.71.92
5	2	1	0	0	26331976	0	0	26331976	0	0	17878	64.246.165.210
5	1	1	0	0	26144943	0	0	26144943	0	0	5315	198.199.92.66
5	13	0	13	0	26336958	26336958	0	26336958	26336958	0	1848705	143.176.77.223
5	0	0	10	0	0	26294533	0	0	26294533	0	0	167.172.139.65
5	1	0	0	0	26348077	0	0	26348077	0	0	4157	104.236.100.42
5	1	0	0	0	26340355	0	0	26340355	0	0	144531	171.13.14.84
5	1	0	1	0	26340355	26340355	0	26340355	26340355	0	47555	171.13.14.83
5	1	0	2	0	26307782	26307782	0	26307782	26307782	0	2177	52.55.204.117
5	0	0	10	0	0	26294426	0	0	26294426	0	0	109.87.200.193
5	0	0	1	0	0	26147619	0	0	26147619	0	0	51.255.109.173
5	12	0	10	0	26336761	26336761	0	26336761	26336761	0	1704174	148.64.5.177
5	1	1	0	0	26144825	0	0	26144825	0	0	17615	51.255.109.164
5	1	0	0	0	26343616	0	0	26343616	0	0	12733	184.72.37.34
5	0	0	1	0	0	26340356	0	0	26340356	0	0	27.115.124.68
5	3	0	0	0	26319217	0	0	26319217	0	0	261	52.28.236.88
5	15	0	13	0	26331547	26331547	0	26331546	26331546	0	1861199	148.64.5.170
5	0	0	1	0	0	26340356	0	0	26340356	0	0	27.115.124.67
5	2	1	1	0	26327337	26327337	0	26327337	26327337	0	29704	151.106.12.253
5	1	1	0	0	26329391	0	0	26329391	0	0	1128	128.30.52.140
5	0	0	2	0	0	26299386	0	0	26299386	0	0	138.68.57.207
5	13	0	1	0	26346978	26346978	0	26346978	26346978	0	73539	103.82.98.254
5	0	0	2	0	0	26290824	0	0	26290824	0	0	192.254.207.43
5	0	0	1	0	0	26340355	0	0	26340355	0	0	171.13.14.50
5	0	0	1	0	0	26340355	0	0	26340355	0	0	171.13.14.48
5	0	0	10	0	0	26294510	0	0	26294510	0	0	148.72.23.181
5	15	0	13	0	26333002	26333002	0	26333002	26333002	0	1861545	148.64.5.152
5	0	0	0	1	0	0	26339762	0	0	26339762	0	54.252.213.237
5	9	0	10	0	26334476	26334476	0	26334476	26334476	0	1092228	27.7.90.236
5	21	0	1	0	26356260	26356260	0	26356260	26356260	0	267685	185.39.10.69
5	0	0	1	0	0	26340355	0	0	26340355	0	0	171.13.14.44
5	1307	9	12	0	26142605	26142605	0	26142530	26142530	0	1392217	148.64.5.150
5	1	0	1	0	26143057	26143057	0	26143057	26143057	0	4508	8.37.71.43
5	199	0	0	0	26338338	0	0	26338312	0	0	8358	148.64.5.146
5	1	0	0	0	26319543	0	0	26319543	0	0	4182	77.81.224.88
5	0	0	1	0	0	26353881	0	0	26353881	0	0	209.17.96.66
5	35	1	30	0	26341070	26341070	0	26341061	26341061	0	6642908	148.64.5.145
5	38	0	0	0	26311302	0	0	26311301	0	0	2857	103.90.206.251
5	1	0	0	0	26343137	0	0	26343137	0	0	12733	18.219.230.243
5	1	0	0	0	26355671	0	0	26355671	0	0	4157	150.95.54.138
5	16	0	13	0	26333982	26333982	0	26333972	26333981	0	1865907	148.64.5.137
5	20	11	0	0	26338807	0	0	26338807	0	0	353685	167.114.158.57
5	16	1	1	0	26334552	26334552	0	26334552	26334552	0	75619	207.102.138.158
5	0	0	2	0	0	26160645	0	0	26160645	0	0	54.180.154.180
5	2	0	0	0	26145321	0	0	26145321	0	0	9244	8.37.71.30
5	1	0	0	0	26353226	0	0	26353226	0	0	4157	176.31.105.112
5	1	0	2	0	26338864	26341407	0	26338864	26338864	0	4191	148.64.56.79
5	1	0	1	0	26143057	26143057	0	26143057	26143057	0	4504	8.37.71.25
5	1	0	1	0	26143068	26143068	0	26143068	26143068	0	4509	148.64.56.78
5	5	1	0	0	26342718	0	0	26149056	0	0	25482	148.64.56.77
5	7	0	1	0	26342750	26341013	0	26145295	26341013	0	34319	148.64.56.76
5	3	0	0	0	26319217	0	0	26319217	0	0	261	66.133.109.36
5	1	0	0	0	26145426	0	0	26145426	0	0	9079	148.64.56.75
5	6	3	1	0	26350557	26340908	0	26149039	26340908	0	31375	148.64.56.74
5	2	2	1	0	26348527	26342160	0	26329456	26342160	0	14259	148.64.56.73
5	4	1	3	0	26330252	26310735	0	26145423	26143087	0	19590	148.64.56.72
5	6	3	0	0	26348235	0	0	26143118	0	0	39848	148.64.56.71
5	1	0	1	0	26295424	26295424	0	26295424	26295424	0	2176	91.121.9.92
5	4	0	0	0	26352050	0	0	26337373	0	0	22536	148.64.56.69
5	4	1	1	0	26331926	26143192	0	26145296	26143192	0	23463	148.64.56.70
5	4	2	0	0	26348187	0	0	26146748	0	0	19634	148.64.56.68
5	21	1	3	39	26283237	26283234	26283237	26283231	26283231	26283217	116740	148.64.5.121
5	3	0	1	0	26330861	26338146	0	26145358	26338146	0	21568	148.64.56.67
5	13	0	13	0	26336931	26336931	0	26336931	26336931	0	1848705	122.163.178.26
5	0	0	1	0	0	26358449	0	0	26358449	0	0	3.0.163.208
5	5	3	1	0	26357902	26143180	0	26143180	26143180	0	25994	148.64.56.66
5	1557	0	32	0	26359744	26359696	0	26142933	26142997	0	6757449	148.64.5.118
5	1	0	0	0	26343821	0	0	26343821	0	0	12733	52.66.252.54
5	2	0	0	0	26145409	0	0	26145332	0	0	13715	148.64.56.65
5	4	2	0	0	26358665	0	0	26143885	0	0	25705	148.64.56.64
5	3643	21	13	1	26310084	26310055	26309951	26309948	26309948	26309951	2116929	148.64.5.116
5	2	0	0	0	26344459	0	0	26316234	0	0	8326	163.172.45.60
5	948	4	11	0	26311399	26311399	0	26311302	26311392	0	1088582	148.64.5.112
5	16	0	18	0	26356817	26356817	0	26356817	26356817	0	3330174	110.225.92.0
5	1	0	0	0	26343237	0	0	26343237	0	0	12733	35.183.126.125
5	13	0	1	0	26342178	26342178	0	26342178	26342178	0	73501	92.47.185.122
5	0	0	1	0	0	26319220	0	0	26319220	0	0	144.217.255.89
5	1	0	0	0	26343205	0	0	26343205	0	0	12733	18.222.226.85
5	0	0	2	0	0	26143251	0	0	26142709	0	0	212.83.146.233
5	0	0	0	1	0	0	26339295	0	0	26339295	0	13.251.125.105
5	12	0	12	0	26318089	26318089	0	26318089	26318089	0	1810620	106.202.11.201
5	1	0	0	0	26343889	0	0	26343889	0	0	12732	18.195.88.217
5	13	0	1	0	26348159	26348159	0	26348159	26348159	0	73513	120.89.79.117
5	10	0	3	0	26283204	26283204	0	26283204	26283204	0	57273	148.64.5.90
5	241	0	0	0	26310828	0	0	26310065	0	0	18021	103.219.143.255
5	0	0	1	0	0	26142685	0	0	26142685	0	0	51.15.191.81
5	0	0	10	0	0	26285216	0	0	26285216	0	0	159.65.26.166
5	0	0	2	0	0	26287588	0	0	26287588	0	0	52.192.42.165
5	32	0	26	0	26330164	26330164	0	26330162	26330162	0	3806436	148.64.5.74
5	308	0	351	0	26332561	26332561	0	26311418	26311418	0	40606453	157.245.184.173
5	19	0	0	0	26338328	0	0	26338167	0	0	798	106.202.91.37
5	13	0	1	0	26348365	26348365	0	26348365	26348365	0	73550	103.127.95.126
5	1	0	0	0	26344316	0	0	26344316	0	0	12745	34.241.66.197
5	1	0	0	0	26169338	0	0	26169338	0	0	4573	166.62.84.17
5	0	0	0	1	0	0	26339954	0	0	26339954	0	18.222.202.182
5	2	1	2	0	26284748	26284748	0	26284748	26284748	0	11802	89.234.68.91
5	1	0	0	0	26343968	0	0	26343968	0	0	12733	35.181.6.188
5	0	0	2	0	0	26349632	0	0	26349632	0	0	148.64.5.49
5	6	2	1	0	26310461	26310460	0	26310460	26310460	0	113985	89.234.68.88
5	13	0	13	0	26332570	26332570	0	26332570	26332570	0	1848705	122.165.205.23
5	13	0	1	0	26353906	26353906	0	26353906	26353906	0	73547	1.39.22.30
5	24	0	0	0	26142950	0	0	26142932	0	0	1768	103.90.206.113
5	2	0	0	0	26330778	0	0	26330778	0	0	11035	110.225.70.0
5	0	0	2	0	0	26344958	0	0	26344958	0	0	89.234.68.77
5	12	1	1	0	26332332	26332331	0	26332331	26332331	0	889833	202.9.123.173
5	6	3	1	0	26333439	26333438	0	26333438	26333438	0	118746	89.234.68.76
5	0	0	2	0	0	26164596	0	0	26164596	0	0	13.58.186.252
5	1	0	0	0	26169566	0	0	26169566	0	0	4580	167.114.210.127
5	6	2	1	0	26310464	26310463	0	26310463	26310463	0	113985	89.234.68.70
5	0	0	10	0	0	26295269	0	0	26295269	0	0	166.62.36.222
5	24	0	0	0	26319217	0	0	26142494	0	0	1812	144.76.65.163
5	0	0	1	0	0	26294468	0	0	26294468	0	0	192.241.220.227
5	1	0	0	0	26343682	0	0	26343682	0	0	12732	13.236.80.225
5	1	0	3	0	26307371	26307371	0	26307371	26307371	0	5901	151.106.8.107
5	32	0	32	0	26345986	26345986	0	26345947	26345947	0	6660348	148.64.5.17
5	231	11	119	19	26339672	26339672	26339582	26339498	26339555	26339545	17566180	148.64.5.15
5	1	0	0	0	26341154	0	0	26341154	0	0	4152	51.15.133.159
5	0	0	22	0	0	26294979	0	0	26294979	0	0	89.248.168.102
5	1	0	2	0	26301008	26301008	0	26301008	26301008	0	2174	209.182.239.118
5	5	0	0	1	26329702	0	26329692	26329700	0	26329692	28929	223.225.65.74
5	15	0	17	0	26345945	26345945	0	26345944	26345944	0	3306594	103.219.143.156
5	1	0	2	0	26295358	26295358	0	26295358	26295358	0	2176	163.172.199.18
5	0	0	0	1	0	0	26339686	0	0	26339686	0	13.48.123.252
5	0	0	10	0	0	26285312	0	0	26285312	0	0	35.241.222.168
5	0	0	1	0	0	26353011	0	0	26353011	0	0	209.17.96.162
5	1	0	0	0	26328832	0	0	26328832	0	0	4184	157.230.249.122
5	13	0	13	0	26335596	26335596	0	26335596	26335596	0	1848705	117.223.229.76
5	16	0	17	0	26359658	26359658	0	26359658	26359658	0	3330174	51.77.246.205
5	18	1	0	0	26338807	0	0	26338807	0	0	88520	51.77.246.204
5	1	0	0	0	26142549	0	0	26142549	0	0	7927	64.233.173.11
5	13	0	1	0	26349488	26349488	0	26349488	26349488	0	73555	14.98.48.202
5	0	0	1	0	0	26348993	0	0	26348993	0	0	209.17.96.130
5	99	17	19	0	26359742	26359742	0	26310007	26310031	0	480303	129.146.158.17
5	1	0	0	0	26351222	0	0	26351222	0	0	4154	178.63.138.25
5	5	3	6	0	26145261	26147954	0	26145240	26145240	0	25635	52.87.162.104
5	213	0	251	0	26332555	26332555	0	26312162	26312162	0	27319715	138.68.12.177
5	2	1	1	0	26327501	26327501	0	26327501	26327501	0	29704	84.17.60.52
5	1	0	0	0	26343641	0	0	26343641	0	0	12732	18.197.226.211
5	0	0	20	0	0	26285570	0	0	26285487	0	0	62.164.176.194
5	17	1	0	0	26319218	0	0	26319218	0	0	83546	35.230.58.15
5	1	0	1	0	26142619	26142619	0	26142619	26142619	0	4388	8.37.70.42
5	1	0	1	0	26143071	26143071	0	26143071	26143071	0	4509	8.37.70.39
5	2	1	0	0	26143057	0	0	26143057	0	0	9808	8.37.70.40
5	0	0	2	0	0	26295334	0	0	26295334	0	0	47.52.114.90
5	0	0	10	0	0	26285401	0	0	26285401	0	0	192.99.31.122
5	1	0	2	0	26299466	26299466	0	26299466	26299466	0	2177	64.246.165.50
5	0	0	10	0	0	26294447	0	0	26294446	0	0	14.161.36.215
5	0	0	2	0	0	26308899	0	0	26308899	0	0	212.83.177.142
5	0	0	10	0	0	26295249	0	0	26295249	0	0	69.162.79.242
5	1	0	0	0	26343667	0	0	26343667	0	0	12733	52.67.97.241
5	12	0	3	0	26359392	26359393	0	26344998	26349318	0	2251438	66.249.64.233
5	4	0	4	0	26357222	26357958	0	26350297	26349039	0	74339	66.249.64.231
5	13	0	13	0	26338372	26338372	0	26338372	26338372	0	1848705	89.218.72.158
5	8	0	3	0	26357958	26357679	0	26344719	26344719	0	533062	66.249.64.229
5	1	0	0	0	26316427	0	0	26316427	0	0	4183	89.36.220.145
5	1	0	0	0	26165369	0	0	26165369	0	0	4572	192.99.224.216
5	2	0	1	0	26350388	26283827	0	26283828	26283827	0	10049	46.105.99.163
5	0	0	0	1	0	0	26339293	0	0	26339293	0	54.183.86.100
5	1	0	0	0	26344149	0	0	26344149	0	0	12742	15.188.75.193
5	0	0	0	1	0	0	26339617	0	0	26339617	0	3.16.166.105
5	1	0	0	0	26162575	0	0	26162575	0	0	4572	213.32.67.45
5	1	0	0	0	26169241	0	0	26169241	0	0	4581	45.32.244.72
5	1	0	0	0	26160338	0	0	26160338	0	0	4579	188.166.158.153
5	13	0	1	0	26347046	26347046	0	26347046	26347046	0	73539	122.176.101.205
5	0	0	1	0	0	26359592	0	0	26359592	0	0	209.17.97.90
5	1	0	2	0	26299541	26299541	0	26299541	26299541	0	2175	139.99.45.201
5	1	0	2	0	26297897	26297897	0	26297897	26297897	0	2177	212.83.189.102
5	65	0	14	16	26329581	26329505	26329580	26329411	26329505	26329488	2424647	223.225.67.122
5	272	1	171	0	26356793	26356807	0	26330789	26330789	0	24468911	148.64.4.93
5	5	0	7	0	26357958	26357222	0	26344990	26344719	0	18527	66.249.64.171
5	4	0	5	0	26353638	26357679	0	26344719	26349039	0	14818	66.249.64.169
5	14	0	1	0	26340356	26340356	0	26340356	26340356	0	2079044	180.163.220.68
5	11	0	4	0	26340356	26340356	0	26340356	26340356	0	1448292	180.163.220.67
5	4	0	3	0	26357222	26353359	0	26349318	26350172	0	14824	66.249.64.167
5	12	0	13	0	26335918	26335918	0	26335917	26335917	0	1280638	212.47.242.74
5	5	0	9	0	26340356	26340356	0	26340356	26340356	0	1097004	180.163.220.66
5	1	0	0	0	26343871	0	0	26343871	0	0	12733	18.231.142.90
5	0	0	2	0	0	26286719	0	0	26286719	0	0	159.89.2.220
5	1	0	0	0	26344058	0	0	26344058	0	0	12733	52.67.173.61
5	2299	24	7	7	26338229	26338115	26338115	26338046	26338046	26338108	4512232	148.64.4.82
5	1	0	0	0	26344055	0	0	26344055	0	0	12732	54.169.200.189
5	163	0	161	0	26344617	26344617	0	26344524	26344524	0	33296883	148.64.4.81
5	2	0	0	0	26145321	0	0	26145321	0	0	9244	8.37.70.245
5	20	1	9	0	26312167	26312219	0	26312166	26312166	0	947859	148.64.4.80
5	2	1	0	0	26146514	0	0	26146514	0	0	10765	8.37.70.242
5	2	2	0	0	26144998	0	0	26142636	0	0	34213	195.154.61.206
5	0	0	0	1	0	0	26339527	0	0	26339527	0	54.146.44.66
5	121	0	104	0	26333916	26333916	0	26333828	26333828	0	14901449	148.64.4.73
5	1	0	1	0	26286805	26286805	0	26286805	26286805	0	2177	217.70.188.127
5	1	0	0	0	26345728	0	0	26345728	0	0	4158	142.93.46.172
5	1	0	0	0	26344317	0	0	26344317	0	0	12745	13.48.124.177
5	0	0	10	0	0	26306300	0	0	26306300	0	0	35.224.201.92
5	4	4	4	0	26143812	26143812	0	26143812	26143812	0	70460	118.127.15.83
5	2	0	3	0	26299074	26299074	0	26299074	26299074	0	4354	54.36.115.93
5	2	1	2	0	26284752	26284751	0	26284751	26284751	0	11802	86.47.80.146
5	57	1	49	0	26341035	26341034	0	26340983	26340983	0	6814265	148.64.4.61
5	13	0	1	0	26347113	26347113	0	26347113	26347113	0	73518	43.224.159.9
5	298	0	1	0	26338311	26338044	0	26338044	26338044	0	16650	192.8.166.15
5	4	2	0	0	26146729	0	0	26146729	0	0	26650	148.64.4.56
5	2	0	0	0	26145321	0	0	26145320	0	0	9250	8.37.70.220
5	5	1	2	0	26323668	26323668	0	26323665	26323666	0	70779	148.64.4.55
5	0	0	2	0	0	26320736	0	0	26320716	0	0	62.210.5.253
5	1	1	0	0	26320723	0	0	26320723	0	0	16960	62.210.10.77
5	0	0	1	0	0	26343127	0	0	26343127	0	0	209.17.97.34
5	1	1	1	0	26338143	26338143	0	26338143	26338143	0	5236	51.158.126.165
5	13	0	13	0	26340944	26340944	0	26340944	26340944	0	1848705	14.99.61.226
5	1	0	2	0	26286742	26286742	0	26286742	26286742	0	2176	139.59.71.19
5	2	0	0	0	26146604	0	0	26146604	0	0	11189	8.37.70.197
5	1	0	2	0	26285870	26285870	0	26285870	26285870	0	2175	3.248.223.202
5	1	0	0	0	26343237	0	0	26343237	0	0	12732	13.53.62.22
5	19	3	1	0	26336731	26336731	0	26336731	26336731	0	93356	204.101.161.159
5	1	0	0	0	26165413	0	0	26165413	0	0	4580	165.22.91.192
5	146	0	137	0	26342621	26342621	0	26342581	26342581	0	29823915	148.64.4.28
5	0	0	2	0	0	26340355	0	0	26340355	0	0	101.4.60.63
5	3	0	0	0	26319217	0	0	26319217	0	0	261	52.15.254.228
5	14	0	13	0	26329845	26329845	0	26329844	26329844	0	1855572	223.225.33.5
5	1	0	0	0	26160273	0	0	26160273	0	0	4581	138.68.102.184
5	1	1	0	0	26358265	0	0	26358265	0	0	11540	148.64.4.24
5	1	0	1	0	26291022	26291022	0	26291022	26291022	0	2177	37.59.60.115
5	8959	42	14	0	26310908	26310675	0	26310629	26310648	0	1315848	148.64.4.20
5	5	0	8	0	26311949	26307860	0	26285118	26284992	0	43651	192.99.15.15
5	0	0	3	0	0	26344963	0	0	26344962	0	0	89.234.68.109
5	0	0	1	0	0	26144636	0	0	26144636	0	0	62.4.14.198
5	0	0	2	0	0	26160279	0	0	26160279	0	0	34.219.182.140
5	0	0	1	0	0	26339498	0	0	26339498	0	0	106.202.55.58
5	0	0	2	0	0	26144682	0	0	26143322	0	0	62.4.14.206
5	6	3	0	1	26348163	0	26348162	26348161	0	26348162	29974	148.64.4.212
5	0	0	0	1	0	0	26339747	0	0	26339747	0	34.252.83.138
5	1	0	0	0	26316399	0	0	26316399	0	0	4185	104.236.127.247
5	18	1	18	0	26348867	26348867	0	26347384	26348867	0	3341030	148.64.4.209
5	0	0	1	0	0	26319218	0	0	26319218	0	0	81.17.27.130
5	1	0	2	0	26290919	26290919	0	26290919	26290919	0	2176	146.185.183.107
5	13	0	1	0	26353970	26353970	0	26353969	26353970	0	73508	116.206.220.132
5	1	0	2	0	26294498	26294497	0	26294498	26294497	0	2178	13.56.115.178
5	60	0	58	0	26346828	26346828	0	26335885	26335884	0	10370760	148.64.4.201
5	1	0	0	0	26345862	0	0	26345862	0	0	4152	192.99.149.195
5	4	1	0	0	26146568	0	0	26146488	0	0	21522	8.37.70.142
5	1	0	1	0	26299921	26299921	0	26299921	26299921	0	2176	193.33.111.237
5	1	0	0	0	26349824	0	0	26349824	0	0	4152	198.27.80.123
5	1	0	2	0	26289937	26289937	0	26289937	26289937	0	2176	34.222.229.138
5	1	0	0	0	26344585	0	0	26344585	0	0	12745	3.104.1.75
5	2	0	0	0	26145320	0	0	26145320	0	0	13706	8.37.70.129
5	0	0	0	1	0	0	26340035	0	0	26340035	0	52.53.220.123
5	2	0	0	0	26319217	0	0	26319217	0	0	174	34.222.229.130
5	5	0	3	0	26340356	26340356	0	26340356	26340356	0	549605	180.163.220.5
5	4	0	6	0	26340356	26340356	0	26340356	26340356	0	372170	180.163.220.4
5	0	0	10	0	0	26340356	0	0	26340356	0	0	180.163.220.3
5	2	1	0	0	26146578	0	0	26146578	0	0	11336	8.37.70.116
5	0	0	1	0	0	26286984	0	0	26286984	0	0	139.162.67.40
5	1	0	0	0	26343635	0	0	26343635	0	0	12733	3.120.27.205
z	0	6039	5	26339499	0
z	1	13	0	26339640	13
z	2	7510	0	26338338	318209
z	3	6271	5	26339600	1207146
z	4	1297	181	26359744	5902012
z	5	1433	83	26359744	64926038
z	6	906	0	26359696	215703560
z	7	33	0	26359696	40806810
c	200	23476	26359744
c	206	26	26339640
c	301	2221	26359696
c	302	346	26359742
c	403	37	26340035
c	404	6	26283228
c	500	55	26348162
